0.000000	1.000000
0.010000	0.230878
0.020000	0.430721
0.030000	0.479526
0.040000	0.250832
0.050000	0.443375
0.060000	0.452025
0.070000	0.451092
0.080000	0.426452
0.090000	0.430918
0.100000	0.422408
0.110000	0.450802
0.120000	0.306290
0.130000	0.402859
0.140000	0.466473
0.150000	0.322452
0.160000	0.521365
0.170000	0.381991
0.180000	0.399013
0.190000	0.426241
0.200000	0.367681
0.210000	0.406375
0.220000	0.372694
0.230000	0.401483
0.240000	0.422031
0.250000	0.349384
0.260000	0.398171
0.270000	0.391917
0.280000	0.377751
0.290000	0.485006
0.300000	0.376106
0.310000	0.347786
0.320000	0.453613
0.330000	0.348840
0.340000	0.397991
0.350000	0.456160
0.360000	0.333580
0.370000	0.489181
0.380000	0.418956
0.390000	0.405387
0.400000	0.459631
0.410000	0.290154
0.420000	0.408984
0.430000	0.434323
0.440000	0.353178
0.450000	0.487070
0.460000	0.441587
0.470000	0.357018
0.480000	0.404547
0.490000	0.377346
0.500000	0.418430
0.510000	0.410394
0.520000	0.374504
0.530000	0.419371
0.540000	0.369714
0.550000	0.383594
0.560000	0.415248
0.570000	0.361504
0.580000	0.456479
0.590000	0.410723
0.600000	0.360889
0.610000	0.483142
0.620000	0.366429
0.630000	0.382362
0.640000	0.462255
0.650000	0.367541
0.660000	0.498726
0.670000	0.435123
0.680000	0.381106
0.690000	0.488014
0.700000	0.327651
0.710000	0.361104
0.720000	0.394533
0.730000	0.364350
0.740000	0.458832
0.750000	0.439954
0.760000	0.382384
0.770000	0.475777
0.780000	0.344287
0.790000	0.296806
0.800000	0.451183
0.810000	0.379890
0.820000	0.440726
0.830000	0.420686
0.839999	0.343302
0.849999	0.468129
0.859999	0.359586
0.869999	0.370361
0.879999	0.421635
0.889999	0.364922
0.899999	0.418499
0.909999	0.426951
0.919999	0.389945
0.929999	0.428813
0.939999	0.387674
0.949999	0.397323
0.959999	0.414608
0.969999	0.357555
0.979999	0.429984
0.989999	0.434895
0.999999	0.351289
1.010000	0.466134
1.020000	0.338382
1.030000	0.410473
1.040000	0.486798
1.050000	0.346562
1.060000	0.507680
1.070000	0.401587
1.080000	0.302926
1.090000	0.413107
1.100000	0.391016
1.110000	0.453136
1.120000	0.415916
1.130000	0.350855
1.140000	0.440023
1.150000	0.370264
1.160000	0.357274
1.170000	0.437188
1.180000	0.315632
1.190000	0.395805
1.200000	0.496140
1.210000	0.342457
1.220000	0.486195
1.230000	0.387223
1.240000	0.356617
1.250000	0.394706
1.260000	0.365169
1.270000	0.442725
1.280000	0.384459
1.290000	0.337336
1.300000	0.436649
1.310000	0.375748
1.320000	0.323417
1.330000	0.492324
1.340000	0.345274
1.350000	0.391204
1.360000	0.393454
1.370000	0.348277
1.380000	0.414166
1.390000	0.367974
1.400000	0.397140
1.410000	0.421924
1.420000	0.331203
1.430000	0.423439
1.440000	0.354875
1.450000	0.302763
1.460000	0.410506
1.470000	0.333132
1.480000	0.345138
1.490000	0.472811
1.500000	0.343890
1.510000	0.403113
1.520000	0.333035
1.530000	0.327586
1.540000	0.383596
1.550000	0.347888
1.560000	0.410190
1.570000	0.411680
1.580000	0.333118
1.590000	0.364484
1.600000	0.395377
1.610000	0.315321
1.620000	0.413535
1.630000	0.363072
1.640000	0.302347
1.650000	0.420911
1.660000	0.327276
1.670000	0.348471
1.680000	0.395704
1.690000	0.304548
1.700000	0.390873
1.710000	0.305974
1.720000	0.371476
1.730000	0.392700
1.740000	0.310482
1.750000	0.384589
1.760000	0.341554
1.770000	0.351511
1.780000	0.380652
1.790000	0.350902
1.800000	0.316132
1.810000	0.400329
1.820000	0.289565
1.830000	0.381772
1.840000	0.343804
1.850000	0.324903
1.860000	0.404418
1.870000	0.278234
1.880000	0.361885
1.890000	0.360290
1.900000	0.266672
1.910000	0.380416
1.920000	0.346170
1.930000	0.305594
1.940000	0.364419
1.950000	0.371897
1.960000	0.323340
1.970000	0.389901
1.980000	0.338173
1.990000	0.329783
2.000000	0.367978
2.010000	0.325137
2.020000	0.402972
2.030000	0.267084
2.040000	0.371384
2.050000	0.391931
2.060000	0.267307
2.070000	0.370480
2.080000	0.308401
2.090000	0.309573
2.100000	0.364949
2.110000	0.316569
2.120000	0.345900
2.130000	0.367719
2.140000	0.272039
2.150000	0.356594
2.160000	0.330064
2.170000	0.295445
2.180000	0.358508
2.190000	0.299205
2.200000	0.308643
2.210000	0.384571
2.220000	0.263466
2.230000	0.336213
2.240000	0.284316
2.250000	0.305922
2.260000	0.340651
2.270000	0.277459
2.280000	0.345939
2.290000	0.305373
2.300000	0.300963
2.310000	0.336634
2.320000	0.315961
2.330000	0.283852
2.340000	0.405988
2.350000	0.250285
2.360000	0.312645
2.370000	0.339263
2.380000	0.222078
2.390000	0.356678
2.400000	0.296864
2.410000	0.274084
2.420000	0.353002
2.430000	0.280312
2.440000	0.301874
2.450000	0.311134
2.460000	0.272261
2.470000	0.315589
2.480000	0.273170
2.490000	0.254494
2.500000	0.352492
2.510000	0.247895
2.520000	0.291489
2.530000	0.338021
2.540000	0.251457
2.550000	0.296240
2.560000	0.261940
2.570000	0.294061
2.580000	0.294469
2.590000	0.267841
2.600000	0.298854
2.610000	0.310680
2.620000	0.274822
2.630000	0.314087
2.640000	0.242465
2.650000	0.305113
2.660000	0.299936
2.670000	0.226504
2.680000	0.299419
2.690000	0.305768
2.700000	0.233208
2.710000	0.325090
2.720000	0.260984
2.730000	0.262294
2.740000	0.321403
2.750000	0.231597
2.760000	0.283241
2.770000	0.316128
2.780000	0.256477
2.790000	0.296508
2.800000	0.258663
2.810000	0.225577
2.820000	0.303942
2.830000	0.222226
2.840000	0.241144
2.850000	0.289321
2.860000	0.243636
2.870000	0.288537
2.880000	0.238659
2.890000	0.235869
2.900000	0.259377
2.910000	0.231463
2.920000	0.265825
2.930000	0.255467
2.940000	0.218348
2.950000	0.257154
2.960000	0.214206
2.970000	0.240764
2.980000	0.231954
2.990000	0.220279
3.000000	0.221408
3.010000	0.270087
3.020000	0.208410
3.030000	0.253025
3.040000	0.197740
3.050000	0.232763
3.060000	0.222059
3.070000	0.204765
3.080000	0.262778
3.090000	0.213117
3.100000	0.234627
3.110000	0.234237
3.120000	0.227171
3.130000	0.197934
3.140000	0.260926
3.150000	0.180356
3.160000	0.260632
3.170000	0.210272
3.180000	0.201016
3.190000	0.269935
3.200000	0.171210
3.210000	0.263438
3.220000	0.248679
3.230000	0.204561
3.240000	0.245655
3.250000	0.213243
3.260000	0.199290
3.270000	0.241425
3.280000	0.202372
3.290000	0.204858
3.300000	0.217123
3.310000	0.197175
3.320000	0.231179
3.330000	0.218127
3.340000	0.191095
3.350000	0.251037
3.360000	0.178421
3.370000	0.199196
3.380000	0.232619
3.390000	0.181466
3.400000	0.216374
3.410000	0.202752
3.420000	0.189004
3.430000	0.209296
3.440000	0.180155
3.450000	0.200610
3.460000	0.184763
3.470000	0.195251
3.480000	0.215736
3.490000	0.175129
3.500000	0.192044
3.510000	0.200990
3.520000	0.165994
3.530000	0.167929
3.540000	0.223760
3.550000	0.139879
3.560000	0.214838
3.570000	0.152904
3.580000	0.189231
3.590000	0.200641
3.600000	0.156992
3.610000	0.191863
3.620000	0.176065
3.630000	0.161647
3.640000	0.215524
3.650000	0.159497
3.660000	0.177850
3.670000	0.208244
3.680000	0.148985
3.690000	0.181799
3.700000	0.196925
3.710000	0.127943
3.720000	0.187186
3.730000	0.167236
3.740000	0.135474
3.750000	0.185989
3.760000	0.137167
3.770000	0.169883
3.780000	0.159757
3.790000	0.152578
3.800000	0.167251
3.810000	0.147882
3.820000	0.143083
3.830000	0.184921
3.840000	0.142632
3.850000	0.152291
3.860000	0.152088
3.870000	0.135124
3.880000	0.179032
3.890000	0.137466
3.900000	0.160536
3.910000	0.130006
3.920000	0.138042
3.930000	0.159908
3.940000	0.129609
3.950000	0.127101
3.960000	0.183082
3.970000	0.122706
3.980000	0.136289
3.990000	0.166911
4.000000	0.136493
4.010000	0.145336
4.020000	0.138458
4.030000	0.117776
4.040000	0.165455
4.050000	0.125936
4.060000	0.129543
4.070000	0.151785
4.080000	0.130635
4.090000	0.142917
4.100000	0.114247
4.110000	0.119311
4.120000	0.135366
4.130000	0.127358
4.140000	0.114745
4.150000	0.144294
4.160000	0.123630
4.170000	0.115471
4.180000	0.126399
4.190000	0.116931
4.200000	0.121901
4.210000	0.118758
4.220000	0.112715
4.230000	0.133310
4.240000	0.111192
4.250000	0.140183
4.260000	0.105140
4.270000	0.114013
4.280000	0.122765
4.290000	0.092633
4.300000	0.117088
4.310000	0.117183
4.320000	0.096352
4.330000	0.124166
4.340000	0.107742
4.350000	0.098406
4.360000	0.130836
4.370010	0.084778
4.380010	0.115686
4.390010	0.113081
4.400010	0.098151
4.410010	0.125788
4.420010	0.115746
4.430010	0.088462
4.440010	0.119436
4.450010	0.093033
4.460010	0.104050
4.470010	0.115445
4.480010	0.088084
4.490010	0.113508
4.500010	0.088460
4.510010	0.094737
4.520010	0.096872
4.530010	0.093087
4.540010	0.089396
4.550010	0.108447
4.560010	0.080561
4.570010	0.109409
4.580010	0.085142
4.590010	0.090447
4.600010	0.105173
4.610010	0.088256
4.620010	0.094002
4.630010	0.093272
4.640010	0.074215
4.650010	0.107898
4.660010	0.074070
4.670010	0.078856
4.680010	0.101384
4.690010	0.067697
4.700010	0.097872
4.710010	0.081221
4.720010	0.076538
4.730010	0.085719
4.740010	0.088107
4.750010	0.073325
4.760010	0.089673
4.770010	0.070554
4.780010	0.082809
4.790010	0.079901
4.800010	0.068847
4.810020	0.089019
4.820020	0.079759
4.830020	0.071030
4.840020	0.087506
4.850020	0.073224
4.860020	0.069767
4.870020	0.083798
4.880020	0.069547
4.890020	0.090747
4.900020	0.074638
4.910020	0.078719
4.920020	0.076332
4.930020	0.069319
4.940020	0.073587
4.950020	0.073198
4.960020	0.066721
4.970020	0.081159
4.980020	0.064914
4.990020	0.071639
5.000020	0.071798
5.010020	0.057536
5.020020	0.070175
5.030020	0.065632
5.040020	0.057231
5.050020	0.076407
5.060020	0.065165
5.070020	0.066819
5.080020	0.069567
5.090020	0.053078
5.100020	0.068678
5.110020	0.058139
5.120020	0.053754
5.130020	0.070201
5.140020	0.056146
5.150020	0.052405
5.160020	0.070690
5.170020	0.051651
5.180020	0.057610
5.190020	0.061786
5.200020	0.054211
5.210020	0.056104
5.220020	0.060355
5.230020	0.058960
5.240030	0.060930
5.250030	0.050181
5.260030	0.062841
5.270030	0.057813
5.280030	0.052388
5.290030	0.063151
5.300030	0.051187
5.310030	0.058533
5.320030	0.047385
5.330030	0.049584
5.340030	0.054950
5.350030	0.055696
5.360030	0.048864
5.370030	0.054467
5.380030	0.046413
5.390030	0.057931
5.400030	0.049435
5.410030	0.041206
5.420030	0.055198
5.430030	0.046126
5.440030	0.044109
5.450030	0.056297
5.460030	0.041498
5.470030	0.047210
5.480030	0.049936
5.490030	0.035612
5.500030	0.049100
5.510030	0.043091
5.520030	0.043512
5.530030	0.047558
5.540030	0.041926
5.550030	0.041483
5.560030	0.051467
5.570030	0.032708
5.580030	0.047888
5.590030	0.042187
5.600030	0.036928
5.610030	0.045453
5.620030	0.038422
5.630030	0.041225
5.640030	0.041775
5.650030	0.037534
5.660030	0.043055
5.670030	0.039103
5.680040	0.035821
5.690040	0.041153
5.700040	0.030541
5.710040	0.039445
5.720040	0.037517
5.730040	0.034973
5.740040	0.038887
5.750040	0.033675
5.760040	0.031041
5.770040	0.036545
5.780040	0.027235
5.790040	0.036600
5.800040	0.036921
5.810040	0.030319
5.820040	0.037718
5.830040	0.029864
5.840040	0.037603
5.850040	0.033327
5.860040	0.028441
5.870040	0.034510
5.880040	0.034852
5.890040	0.024938
5.900040	0.036868
5.910040	0.030561
5.920040	0.027517
5.930040	0.033039
5.940040	0.026081
5.950040	0.029000
5.960040	0.029604
5.970040	0.028309
5.980040	0.032378
5.990040	0.028207
6.000040	0.029552
6.010040	0.030460
6.020040	0.027944
6.030040	0.028829
6.040040	0.032194
6.050040	0.024530
6.060040	0.029398
6.070040	0.022941
6.080040	0.027614
6.090040	0.031319
6.100040	0.022263
6.110040	0.032032
6.120050	0.025068
6.130050	0.024729
6.140050	0.025920
6.150050	0.024804
6.160050	0.024704
6.170050	0.028351
6.180050	0.022170
6.190050	0.026986
6.200050	0.024450
6.210050	0.022254
6.220050	0.026947
6.230050	0.022245
6.240050	0.020037
6.250050	0.025957
6.260050	0.020323
6.270050	0.023979
6.280050	0.023622
6.290050	0.017644
6.300050	0.024125
6.310050	0.018911
6.320050	0.021879
6.330050	0.019528
6.340050	0.018533
6.350050	0.020632
6.360050	0.020396
6.370050	0.018988
6.380050	0.022277
6.390050	0.017838
6.400050	0.018794
6.410050	0.019638
6.420050	0.015703
6.430050	0.020668
6.440050	0.017616
6.450050	0.018790
6.460050	0.020221
6.470050	0.016477
6.480050	0.018115
6.490050	0.018866
6.500050	0.015645
6.510050	0.021409
6.520050	0.015358
6.530050	0.016636
6.540050	0.018521
6.550060	0.015916
6.560060	0.015366
6.570060	0.018653
6.580060	0.013934
6.590060	0.016345
6.600060	0.016448
6.610060	0.014542
6.620060	0.018208
6.630060	0.012943
6.640060	0.015670
6.650060	0.015203
6.660060	0.013442
6.670060	0.016293
6.680060	0.014661
6.690060	0.013548
6.700060	0.015593
6.710060	0.012581
6.720060	0.012911
6.730060	0.013958
6.740060	0.012553
6.750060	0.013143
6.760060	0.013261
6.770060	0.011725
6.780060	0.013354
6.790060	0.010871
6.800060	0.012243
6.810060	0.011007
6.820060	0.011792
6.830060	0.013727
6.840060	0.010762
6.850060	0.012475
6.860060	0.013390
6.870060	0.010012
6.880060	0.011518
6.890060	0.012782
6.900060	0.009457
6.910060	0.012575
6.920060	0.010408
6.930060	0.010395
6.940060	0.012296
6.950060	0.009698
6.960060	0.012286
6.970060	0.011273
6.980060	0.008876
6.990070	0.011565
7.000070	0.010106
7.010070	0.010117
7.020070	0.011457
7.030070	0.008873
7.040070	0.010583
7.050070	0.009330
7.060070	0.008750
7.070070	0.010183
7.080070	0.009861
7.090070	0.007937
7.100070	0.010552
7.110070	0.008277
7.120070	0.009456
7.130070	0.008799
7.140070	0.008923
7.150070	0.008813
7.160070	0.007733
7.170070	0.008326
7.180070	0.008907
7.190070	0.007760
7.200070	0.009372
7.210070	0.008434
7.220070	0.008019
7.230070	0.008356
7.240070	0.007147
7.250070	0.007830
7.260070	0.007698
7.270070	0.007523
7.280070	0.008181
7.290070	0.007322
7.300070	0.006327
7.310070	0.009265
7.320070	0.006231
7.330070	0.007325
7.340070	0.008023
7.350070	0.006413
7.360070	0.007237
7.370070	0.006565
7.380070	0.006658
7.390070	0.006739
7.400070	0.006152
7.410070	0.006410
7.420070	0.007198
7.430080	0.006107
7.440080	0.006717
7.450080	0.006388
7.460080	0.005683
7.470080	0.006699
7.480080	0.005471
7.490080	0.006366
7.500080	0.006695
7.510080	0.004969
7.520080	0.006052
7.530080	0.005555
7.540080	0.005538
7.550080	0.005856
7.560080	0.005171
7.570080	0.005121
7.580080	0.005834
7.590080	0.005311
7.600080	0.005321
7.610080	0.005155
7.620080	0.004933
7.630080	0.005506
7.640080	0.004037
7.650080	0.005542
7.660080	0.005298
7.670080	0.004647
7.680080	0.005529
7.690080	0.004415
7.700080	0.004632
7.710080	0.005368
7.720080	0.003950
7.730080	0.004685
7.740080	0.004831
7.750080	0.004013
7.760080	0.004451
7.770080	0.004585
7.780080	0.004500
7.790080	0.005158
7.800080	0.003643
7.810080	0.004691
7.820080	0.004587
7.830080	0.003305
7.840080	0.004494
7.850080	0.004191
7.860090	0.003622
7.870090	0.004440
7.880090	0.003635
7.890090	0.004049
7.900090	0.003494
7.910090	0.003569
7.920090	0.003929
7.930090	0.003724
7.940090	0.004068
7.950090	0.003703
7.960090	0.003267
7.970090	0.003343
7.980090	0.003370
7.990090	0.002965
8.000090	0.004050
8.010090	0.003192
8.020090	0.003063
8.030090	0.003695
8.040090	0.002729
8.050090	0.003159
8.060090	0.003209
8.070090	0.002908
8.080090	0.003157
8.090090	0.002902
8.100090	0.002902
8.110090	0.003302
8.120090	0.002700
8.130090	0.003164
8.140090	0.002768
8.150090	0.002770
8.160090	0.003156
8.170090	0.002810
8.180090	0.002651
8.190090	0.002846
8.200090	0.002592
8.210090	0.002716
8.220090	0.002566
8.230090	0.002585
8.240090	0.002819
8.250090	0.002325
8.260090	0.002824
8.270090	0.002866
8.280090	0.002162
8.290090	0.002646
8.300090	0.002328
8.310090	0.001874
8.320100	0.002812
8.330100	0.002033
8.340100	0.002172
8.350100	0.002378
8.360100	0.001910
8.370100	0.002342
8.380100	0.002203
8.390100	0.001833
8.400100	0.002253
8.410100	0.002062
8.420100	0.001973
8.430100	0.002325
8.440100	0.001751
8.450100	0.002037
8.460100	0.002092
8.470100	0.001732
8.480100	0.002055
8.490100	0.001977
8.500100	0.001886
8.510100	0.001864
8.520100	0.001786
8.530100	0.001806
8.540100	0.001777
8.550100	0.001664
8.560100	0.001715
8.570100	0.001760
8.580100	0.001903
8.590100	0.001564
8.600100	0.001456
8.610100	0.001918
8.620100	0.001594
8.630100	0.001478
8.640100	0.001804
8.650100	0.001351
8.660100	0.001480
8.670100	0.001585
8.680100	0.001288
8.690100	0.001643
8.700100	0.001480
8.710100	0.001220
8.720100	0.001509
8.730100	0.001247
8.740100	0.001373
8.750100	0.001386
8.760110	0.001201
8.770110	0.001503
8.780110	0.001378
8.790110	0.001075
8.800110	0.001441
8.810110	0.001210
8.820110	0.001184
8.830110	0.001251
8.840110	0.001147
8.850110	0.001329
8.860110	0.001134
8.870110	0.001190
8.880110	0.001177
8.890110	0.001047
8.900110	0.001140
8.910110	0.001087
8.920110	0.001033
8.930110	0.001244
8.940110	0.001092
8.950110	0.001022
8.960110	0.001064
8.970110	0.000917
8.980110	0.001065
8.990110	0.001062
9.000110	0.000946
9.010110	0.001081
9.020110	0.000899
9.030110	0.000915
9.040110	0.000974
9.050110	0.000762
9.060110	0.000998
9.070110	0.000812
9.080110	0.000789
9.090110	0.000934
9.100110	0.000825
9.110110	0.000760
9.120110	0.000889
9.130110	0.000687
9.140110	0.000829
9.150110	0.000876
9.160110	0.000671
9.170110	0.000893
9.180110	0.000719
9.190110	0.000760
9.200120	0.000731
9.210120	0.000622
9.220120	0.000753
9.230120	0.000750
9.240120	0.000740
9.250120	0.000714
9.260120	0.000689
9.270120	0.000621
9.280120	0.000715
9.290120	0.000572
9.300120	0.000676
9.310120	0.000666
9.320120	0.000598
9.330120	0.000710
9.340120	0.000596
9.350120	0.000620
9.360120	0.000637
9.370120	0.000539
9.380120	0.000619
9.390120	0.000556
9.400120	0.000535
9.410120	0.000625
9.420120	0.000553
9.430120	0.000517
9.440120	0.000553
9.450120	0.000462
9.460120	0.000516
9.470120	0.000544
9.480120	0.000441
9.490120	0.000592
9.500120	0.000513
9.510120	0.000485
9.520120	0.000518
9.530120	0.000410
9.540120	0.000496
9.550120	0.000424
9.560120	0.000439
9.570120	0.000474
9.580120	0.000414
9.590120	0.000453
9.600120	0.000438
9.610120	0.000382
9.620120	0.000423
9.630130	0.000406
9.640130	0.000353
9.650130	0.000435
9.660130	0.000343
9.670130	0.000390
9.680130	0.000394
9.690130	0.000330
9.700130	0.000394
9.710130	0.000303
9.720130	0.000344
9.730130	0.000425
9.740130	0.000308
9.750130	0.000375
9.760130	0.000358
9.770130	0.000322
9.780130	0.000309
9.790130	0.000313
9.800130	0.000283
9.810130	0.000329
9.820130	0.000291
9.830130	0.000309
9.840130	0.000343
9.850130	0.000261
9.860130	0.000320
9.870130	0.000259
9.880130	0.000289
9.890130	0.000297
9.900130	0.000252
9.910130	0.000285
9.920130	0.000285
9.930130	0.000268
9.940130	0.000265
9.950130	0.000250
9.960130	0.000232
9.970130	0.000276
9.980130	0.000237
9.990130	0.000233
