0.000000	1.000000
0.010000	0.714824
0.020000	0.724195
0.030000	0.764848
0.040000	0.734982
0.050000	0.744548
0.060000	0.702373
0.070000	0.803850
0.080000	0.717879
0.090000	0.649227
0.100000	0.796416
0.110000	0.745131
0.120000	0.762893
0.130000	0.669431
0.140000	0.733032
0.150000	0.759275
0.160000	0.690426
0.170000	0.693592
0.180000	0.744737
0.190000	0.669976
0.200000	0.733558
0.210000	0.662008
0.220000	0.705775
0.230000	0.704405
0.240000	0.708465
0.250000	0.768499
0.260000	0.740013
0.270000	0.719116
0.280000	0.771107
0.290000	0.732236
0.300000	0.760405
0.310000	0.740064
0.320000	0.757622
0.330000	0.745695
0.340000	0.766599
0.350000	0.732699
0.360000	0.744984
0.370000	0.712888
0.380000	0.764497
0.390000	0.773803
0.400000	0.738079
0.410000	0.747834
0.420000	0.750379
0.430000	0.723756
0.440000	0.707929
0.450000	0.735336
0.460000	0.732911
0.470000	0.740878
0.480000	0.772290
0.490000	0.718761
0.500000	0.784285
0.510000	0.691668
0.520000	0.697658
0.530000	0.736009
0.540000	0.727869
0.550000	0.722479
0.560000	0.749259
0.570000	0.685320
0.580000	0.689438
0.590000	0.682172
0.600000	0.739058
0.610000	0.714798
0.620000	0.714924
0.630000	0.716741
0.640000	0.745102
0.650000	0.708191
0.660000	0.733399
0.670000	0.734234
0.680000	0.805960
0.690000	0.700226
0.700000	0.810398
0.710000	0.749546
0.720000	0.739653
0.730000	0.698750
0.740000	0.714875
0.750000	0.711690
0.760000	0.759333
0.770000	0.729581
0.780000	0.723286
0.790000	0.747897
0.800000	0.735754
0.810000	0.753430
0.820000	0.745941
0.830000	0.729172
0.839999	0.723054
0.849999	0.738262
0.859999	0.761661
0.869999	0.697169
0.879999	0.759262
0.889999	0.722179
0.899999	0.744627
0.909999	0.770679
0.919999	0.704840
0.929999	0.728477
0.939999	0.742214
0.949999	0.764723
0.959999	0.754804
0.969999	0.684353
0.979999	0.722806
0.989999	0.724658
0.999999	0.733643
1.010000	0.733383
1.020000	0.764798
1.030000	0.725778
1.040000	0.713785
1.050000	0.725749
1.060000	0.707519
1.070000	0.691111
1.080000	0.746336
1.090000	0.679022
1.100000	0.689907
1.110000	0.703830
1.120000	0.692134
1.130000	0.722479
1.140000	0.719171
1.150000	0.697317
1.160000	0.723782
1.170000	0.702490
1.180000	0.732695
1.190000	0.670865
1.200000	0.723874
1.210000	0.692378
1.220000	0.736247
1.230000	0.687241
1.240000	0.721714
1.250000	0.663820
1.260000	0.700917
1.270000	0.725636
1.280000	0.728957
1.290000	0.740469
1.300000	0.722524
1.310000	0.747217
1.320000	0.732353
1.330000	0.689765
1.340000	0.701825
1.350000	0.741167
1.360000	0.713282
1.370000	0.718252
1.380000	0.754142
1.390000	0.674515
1.400000	0.699080
1.410000	0.673610
1.420000	0.726691
1.430000	0.671709
1.440000	0.678018
1.450000	0.689976
1.460000	0.695408
1.470000	0.680687
1.480000	0.682300
1.490000	0.718776
1.500000	0.712176
1.510000	0.687457
1.520000	0.647984
1.530000	0.649702
1.540000	0.662025
1.550000	0.630261
1.560000	0.729394
1.570000	0.673029
1.580000	0.664539
1.590000	0.641447
1.600000	0.674619
1.610000	0.723685
1.620000	0.649480
1.630000	0.670782
1.640000	0.646146
1.650000	0.643163
1.660000	0.702957
1.670000	0.694929
1.680000	0.710393
1.690000	0.656996
1.700000	0.686053
1.710000	0.708670
1.720000	0.693804
1.730000	0.632684
1.740000	0.702166
1.750000	0.690195
1.760000	0.704565
1.770000	0.639597
1.780000	0.682577
1.790000	0.674563
1.800000	0.616697
1.810000	0.689686
1.820000	0.654369
1.830000	0.620559
1.840000	0.668583
1.850000	0.630061
1.860000	0.665226
1.870000	0.612105
1.880000	0.632146
1.890000	0.636053
1.900000	0.606005
1.910000	0.626087
1.920000	0.642868
1.930000	0.614991
1.940000	0.634492
1.950000	0.613299
1.960000	0.671732
1.970000	0.633831
1.980000	0.637735
1.990000	0.665331
2.000000	0.652917
2.010000	0.622914
2.020000	0.636891
2.030000	0.630255
2.040000	0.654995
2.050000	0.610370
2.060000	0.682172
2.070000	0.641918
2.080000	0.606074
2.090000	0.644972
2.100000	0.643478
2.110000	0.626613
2.120000	0.600736
2.130000	0.611911
2.140000	0.644391
2.150000	0.610997
2.160000	0.599598
2.170000	0.608102
2.180000	0.618916
2.190000	0.615269
2.200000	0.584693
2.210000	0.628257
2.220000	0.575906
2.230000	0.592812
2.240000	0.616229
2.250000	0.593934
2.260000	0.615721
2.270000	0.579298
2.280000	0.613613
2.290000	0.612721
2.300000	0.559447
2.310000	0.610255
2.320000	0.628805
2.330000	0.617157
2.340000	0.565697
2.350000	0.573909
2.360000	0.573549
2.370000	0.592041
2.380000	0.585827
2.390000	0.587840
2.400000	0.562235
2.410000	0.542425
2.420000	0.619914
2.430000	0.564844
2.440000	0.554363
2.450000	0.584682
2.460000	0.582870
2.470000	0.551514
2.480000	0.540045
2.490000	0.563469
2.500000	0.583619
2.510000	0.572337
2.520000	0.600949
2.530000	0.542137
2.540000	0.535156
2.550000	0.526242
2.560000	0.561152
2.570000	0.573674
2.580000	0.535784
2.590000	0.550959
2.600000	0.539483
2.610000	0.515928
2.620000	0.563277
2.630000	0.532455
2.640000	0.546313
2.650000	0.531679
2.660000	0.557871
2.670000	0.580960
2.680000	0.537013
2.690000	0.533321
2.700000	0.526026
2.710000	0.517658
2.720000	0.523849
2.730000	0.515577
2.740000	0.543058
2.750000	0.505350
2.760000	0.533296
2.770000	0.565881
2.780000	0.497721
2.790000	0.522978
2.800000	0.514841
2.810000	0.544962
2.820000	0.482671
2.830000	0.497043
2.840000	0.486163
2.850000	0.503342
2.860000	0.486166
2.870000	0.481547
2.880000	0.503009
2.890000	0.459442
2.900000	0.465449
2.910000	0.488636
2.920000	0.475842
2.930000	0.480427
2.940000	0.464301
2.950000	0.478048
2.960000	0.463355
2.970000	0.467027
2.980000	0.489555
2.990000	0.479687
3.000000	0.466348
3.010000	0.479955
3.020000	0.467324
3.030000	0.495739
3.040000	0.467027
3.050000	0.482082
3.060000	0.491469
3.070000	0.477868
3.080000	0.481310
3.090000	0.458863
3.100000	0.452223
3.110000	0.468579
3.120000	0.456056
3.130000	0.450898
3.140000	0.444887
3.150000	0.437655
3.160000	0.477828
3.170000	0.436733
3.180000	0.428595
3.190000	0.435845
3.200000	0.428539
3.210000	0.442762
3.220000	0.409554
3.230000	0.434743
3.240000	0.417002
3.250000	0.405809
3.260000	0.418955
3.270000	0.424178
3.280000	0.439248
3.290000	0.375553
3.300000	0.412858
3.310000	0.422999
3.320000	0.395781
3.330000	0.411787
3.340000	0.400471
3.350000	0.410375
3.360000	0.387976
3.370000	0.415201
3.380000	0.424485
3.390000	0.395020
3.400000	0.383828
3.410000	0.406438
3.420000	0.405238
3.430000	0.374660
3.440000	0.396695
3.450000	0.398669
3.460000	0.404440
3.470000	0.405714
3.480000	0.398926
3.490000	0.390339
3.500000	0.372702
3.510000	0.382557
3.520000	0.366693
3.530000	0.398736
3.540000	0.344208
3.550000	0.372881
3.560000	0.381160
3.570000	0.351062
3.580000	0.366928
3.590000	0.371736
3.600000	0.371941
3.610000	0.348660
3.620000	0.346006
3.630000	0.358886
3.640000	0.334422
3.650000	0.354728
3.660000	0.343396
3.670000	0.343832
3.680000	0.334096
3.690000	0.333994
3.700000	0.339410
3.710000	0.346163
3.720000	0.327522
3.730000	0.351981
3.740000	0.348493
3.750000	0.324967
3.760000	0.334926
3.770000	0.326399
3.780000	0.312728
3.790000	0.333104
3.800000	0.338464
3.810000	0.339101
3.820000	0.317100
3.830000	0.320056
3.840000	0.305516
3.850000	0.316907
3.860000	0.312773
3.870000	0.308685
3.880000	0.317328
3.890000	0.299823
3.900000	0.291977
3.910000	0.293352
3.920000	0.304791
3.930000	0.300902
3.940000	0.303792
3.950000	0.304260
3.960000	0.285922
3.970000	0.289631
3.980000	0.287826
3.990000	0.293665
4.000000	0.280520
4.010000	0.276577
4.020000	0.273371
4.030000	0.291259
4.040000	0.277789
4.050000	0.277216
4.060000	0.280306
4.070000	0.280021
4.080000	0.277472
4.090000	0.274649
4.100000	0.263844
4.110000	0.266153
4.120000	0.256694
4.130000	0.275469
4.140000	0.266181
4.150000	0.257036
4.160000	0.245568
4.170000	0.263364
4.180000	0.269603
4.190000	0.254660
4.200000	0.247526
4.210000	0.255735
4.220000	0.229490
4.230000	0.252136
4.240000	0.240193
4.250000	0.251453
4.260000	0.246219
4.270000	0.239986
4.280000	0.242587
4.290000	0.234186
4.300000	0.230561
4.310000	0.240504
4.320000	0.238551
4.330000	0.239976
4.340000	0.226163
4.350000	0.228982
4.360000	0.228636
4.370010	0.222893
4.380010	0.224530
4.390010	0.216905
4.400010	0.218518
4.410010	0.229779
4.420010	0.216244
4.430010	0.218625
4.440010	0.211040
4.450010	0.215687
4.460010	0.208179
4.470010	0.203208
4.480010	0.210268
4.490010	0.215525
4.500010	0.194647
4.510010	0.204340
4.520010	0.204008
4.530010	0.196977
4.540010	0.181134
4.550010	0.195266
4.560010	0.193985
4.570010	0.184996
4.580010	0.191388
4.590010	0.189854
4.600010	0.181910
4.610010	0.174820
4.620010	0.181832
4.630010	0.187589
4.640010	0.184930
4.650010	0.181993
4.660010	0.180042
4.670010	0.178445
4.680010	0.170329
4.690010	0.170910
4.700010	0.171379
4.710010	0.168507
4.720010	0.164673
4.730010	0.173839
4.740010	0.173426
4.750010	0.174672
4.760010	0.171688
4.770010	0.166919
4.780010	0.162716
4.790010	0.160837
4.800010	0.163353
4.810020	0.166599
4.820020	0.159904
4.830020	0.159648
4.840020	0.163393
4.850020	0.157088
4.860020	0.145948
4.870020	0.159378
4.880020	0.155598
4.890020	0.153078
4.900020	0.143679
4.910020	0.151365
4.920020	0.144315
4.930020	0.141356
4.940020	0.152776
4.950020	0.147512
4.960020	0.140218
4.970020	0.147162
4.980020	0.143834
4.990020	0.144385
5.000020	0.132215
5.010020	0.134154
5.020020	0.146096
5.030020	0.138794
5.040020	0.134673
5.050020	0.133986
5.060020	0.132203
5.070020	0.133744
5.080020	0.130800
5.090020	0.137539
5.100020	0.125472
5.110020	0.126971
5.120020	0.135934
5.130020	0.123691
5.140020	0.125262
5.150020	0.123617
5.160020	0.120185
5.170020	0.115953
5.180020	0.114463
5.190020	0.126168
5.200020	0.114574
5.210020	0.113439
5.220020	0.112846
5.230020	0.117608
5.240030	0.107876
5.250030	0.111260
5.260030	0.111868
5.270030	0.112338
5.280030	0.100225
5.290030	0.106542
5.300030	0.109477
5.310030	0.100681
5.320030	0.097590
5.330030	0.102508
5.340030	0.101804
5.350030	0.097892
5.360030	0.097621
5.370030	0.106946
5.380030	0.093708
5.390030	0.091397
5.400030	0.097346
5.410030	0.100525
5.420030	0.095591
5.430030	0.094216
5.440030	0.096014
5.450030	0.095089
5.460030	0.092020
5.470030	0.093944
5.480030	0.093718
5.490030	0.089855
5.500030	0.089206
5.510030	0.090504
5.520030	0.088389
5.530030	0.088699
5.540030	0.087870
5.550030	0.085570
5.560030	0.084203
5.570030	0.085856
5.580030	0.082847
5.590030	0.082125
5.600030	0.082211
5.610030	0.078308
5.620030	0.076959
5.630030	0.083014
5.640030	0.076169
5.650030	0.077773
5.660030	0.072137
5.670030	0.071406
5.680040	0.072660
5.690040	0.075657
5.700040	0.076678
5.710040	0.069206
5.720040	0.069007
5.730040	0.070628
5.740040	0.071443
5.750040	0.073504
5.760040	0.069251
5.770040	0.068688
5.780040	0.067539
5.790040	0.068990
5.800040	0.068858
5.810040	0.065952
5.820040	0.065631
5.830040	0.064630
5.840040	0.066071
5.850040	0.066595
5.860040	0.060846
5.870040	0.061318
5.880040	0.060853
5.890040	0.060662
5.900040	0.060687
5.910040	0.059011
5.920040	0.058457
5.930040	0.058062
5.940040	0.056694
5.950040	0.058996
5.960040	0.054816
5.970040	0.057039
5.980040	0.053896
5.990040	0.054863
6.000040	0.049873
6.010040	0.052638
6.020040	0.052837
6.030040	0.052705
6.040040	0.051342
6.050040	0.051024
6.060040	0.049477
6.070040	0.050354
6.080040	0.051264
6.090040	0.051173
6.100040	0.046339
6.110040	0.048412
6.120050	0.048477
6.130050	0.049037
6.140050	0.047380
6.150050	0.046401
6.160050	0.046333
6.170050	0.045932
6.180050	0.046206
6.190050	0.043999
6.200050	0.044148
6.210050	0.043823
6.220050	0.041840
6.230050	0.046492
6.240050	0.045387
6.250050	0.044481
6.260050	0.041713
6.270050	0.040649
6.280050	0.041005
6.290050	0.040936
6.300050	0.040868
6.310050	0.039111
6.320050	0.038408
6.330050	0.038024
6.340050	0.036837
6.350050	0.041644
6.360050	0.037326
6.370050	0.036021
6.380050	0.035722
6.390050	0.037416
6.400050	0.035154
6.410050	0.037882
6.420050	0.034187
6.430050	0.033887
6.440050	0.034548
6.450050	0.034140
6.460050	0.033015
6.470050	0.033778
6.480050	0.032319
6.490050	0.031365
6.500050	0.032150
6.510050	0.033433
6.520050	0.031924
6.530050	0.030868
6.540050	0.030626
6.550060	0.031928
6.560060	0.031599
6.570060	0.029856
6.580060	0.029840
6.590060	0.029442
6.600060	0.028974
6.610060	0.028923
6.620060	0.028862
6.630060	0.029549
6.640060	0.027509
6.650060	0.028232
6.660060	0.026578
6.670060	0.026446
6.680060	0.025642
6.690060	0.025626
6.700060	0.024720
6.710060	0.025432
6.720060	0.023246
6.730060	0.024283
6.740060	0.023704
6.750060	0.023598
6.760060	0.023160
6.770060	0.022290
6.780060	0.023309
6.790060	0.022442
6.800060	0.023029
6.810060	0.022062
6.820060	0.020952
6.830060	0.022163
6.840060	0.021144
6.850060	0.021874
6.860060	0.021053
6.870060	0.020921
6.880060	0.019645
6.890060	0.020568
6.900060	0.019708
6.910060	0.019819
6.920060	0.018829
6.930060	0.019465
6.940060	0.019820
6.950060	0.018330
6.960060	0.019228
6.970060	0.018410
6.980060	0.017973
6.990070	0.017708
7.000070	0.017863
7.010070	0.019158
7.020070	0.017176
7.030070	0.016670
7.040070	0.016546
7.050070	0.016062
7.060070	0.016495
7.070070	0.015812
7.080070	0.015989
7.090070	0.015722
7.100070	0.014817
7.110070	0.015692
7.120070	0.015092
7.130070	0.015347
7.140070	0.014696
7.150070	0.014552
7.160070	0.014351
7.170070	0.013867
7.180070	0.014577
7.190070	0.014186
7.200070	0.013923
7.210070	0.014098
7.220070	0.013400
7.230070	0.013672
7.240070	0.013330
7.250070	0.013334
7.260070	0.013527
7.270070	0.013043
7.280070	0.012564
7.290070	0.011934
7.300070	0.011676
7.310070	0.012391
7.320070	0.011588
7.330070	0.011804
7.340070	0.011381
7.350070	0.011489
7.360070	0.011555
7.370070	0.010619
7.380070	0.011171
7.390070	0.010788
7.400070	0.010744
7.410070	0.011952
7.420070	0.010270
7.430080	0.010174
7.440080	0.010278
7.450080	0.009995
7.460080	0.010103
7.470080	0.009629
7.480080	0.009540
7.490080	0.008860
7.500080	0.008683
7.510080	0.009162
7.520080	0.008803
7.530080	0.008928
7.540080	0.008472
7.550080	0.008659
7.560080	0.008808
7.570080	0.008338
7.580080	0.008337
7.590080	0.008530
7.600080	0.008001
7.610080	0.008316
7.620080	0.008429
7.630080	0.007542
7.640080	0.007421
7.650080	0.007427
7.660080	0.007650
7.670080	0.007461
7.680080	0.007191
7.690080	0.007423
7.700080	0.006830
7.710080	0.006983
7.720080	0.006924
7.730080	0.007035
7.740080	0.007033
7.750080	0.006427
7.760080	0.006945
7.770080	0.006648
7.780080	0.006420
7.790080	0.006870
7.800080	0.006684
7.810080	0.006458
7.820080	0.006234
7.830080	0.006231
7.840080	0.006203
7.850080	0.005973
7.860090	0.006033
7.870090	0.005834
7.880090	0.005635
7.890090	0.005877
7.900090	0.005575
7.910090	0.005807
7.920090	0.005639
7.930090	0.005575
7.940090	0.005656
7.950090	0.005510
7.960090	0.005503
7.970090	0.005125
7.980090	0.005249
7.990090	0.005259
8.000090	0.005183
8.010090	0.005255
8.020090	0.004886
8.030090	0.004932
8.040090	0.004770
8.050090	0.004694
8.060090	0.004764
8.070090	0.004702
8.080090	0.004475
8.090090	0.004433
8.100090	0.004251
8.110090	0.004283
8.120090	0.004276
8.130090	0.004173
8.140090	0.004300
8.150090	0.004068
8.160090	0.004160
8.170090	0.004136
8.180090	0.004020
8.190090	0.003959
8.200090	0.003948
8.210090	0.003903
8.220090	0.003859
8.230090	0.003909
8.240090	0.003730
8.250090	0.003554
8.260090	0.003651
8.270090	0.003582
8.280090	0.003484
8.290090	0.003377
8.300090	0.003225
8.310090	0.003224
8.320100	0.003229
8.330100	0.003191
8.340100	0.003260
8.350100	0.002997
8.360100	0.002862
8.370100	0.003006
8.380100	0.003104
8.390100	0.003035
8.400100	0.002967
8.410100	0.002878
8.420100	0.002767
8.430100	0.002787
8.440100	0.002725
8.450100	0.002716
8.460100	0.002539
8.470100	0.002527
8.480100	0.002510
8.490100	0.002480
8.500100	0.002525
8.510100	0.002510
8.520100	0.002523
8.530100	0.002487
8.540100	0.002411
8.550100	0.002503
8.560100	0.002377
8.570100	0.002316
8.580100	0.002309
8.590100	0.002339
8.600100	0.002294
8.610100	0.002234
8.620100	0.002252
8.630100	0.002070
8.640100	0.002078
8.650100	0.002003
8.660100	0.002026
8.670100	0.001957
8.680100	0.001812
8.690100	0.001853
8.700100	0.001808
8.710100	0.001850
8.720100	0.001882
8.730100	0.001811
8.740100	0.001817
8.750100	0.001750
8.760110	0.001793
8.770110	0.001848
8.780110	0.001750
8.790110	0.001703
8.800110	0.001687
8.810110	0.001642
8.820110	0.001637
8.830110	0.001604
8.840110	0.001655
8.850110	0.001561
8.860110	0.001553
8.870110	0.001514
8.880110	0.001462
8.890110	0.001452
8.900110	0.001430
8.910110	0.001468
8.920110	0.001409
8.930110	0.001380
8.940110	0.001410
8.950110	0.001350
8.960110	0.001313
8.970110	0.001289
8.980110	0.001321
8.990110	0.001319
9.000110	0.001245
9.010110	0.001224
9.020110	0.001189
9.030110	0.001138
9.040110	0.001148
9.050110	0.001138
9.060110	0.001099
9.070110	0.001032
9.080110	0.001030
9.090110	0.001052
9.100110	0.001068
9.110110	0.001001
9.120110	0.000991
9.130110	0.000993
9.140110	0.000962
9.150110	0.001012
9.160110	0.000996
9.170110	0.000928
9.180110	0.000916
9.190110	0.000920
9.200120	0.000894
9.210120	0.000877
9.220120	0.000886
9.230120	0.000826
9.240120	0.000793
9.250120	0.000767
9.260120	0.000756
9.270120	0.000741
9.280120	0.000703
9.290120	0.000697
9.300120	0.000712
9.310120	0.000696
9.320120	0.000717
9.330120	0.000714
9.340120	0.000682
9.350120	0.000661
9.360120	0.000664
9.370120	0.000676
9.380120	0.000697
9.390120	0.000610
9.400120	0.000608
9.410120	0.000568
9.420120	0.000581
9.430120	0.000560
9.440120	0.000552
9.450120	0.000545
9.460120	0.000521
9.470120	0.000521
9.480120	0.000514
9.490120	0.000476
9.500120	0.000483
9.510120	0.000482
9.520120	0.000502
9.530120	0.000477
9.540120	0.000494
9.550120	0.000487
9.560120	0.000461
9.570120	0.000492
9.580120	0.000460
9.590120	0.000462
9.600120	0.000446
9.610120	0.000432
9.620120	0.000441
9.630130	0.000407
9.640130	0.000404
9.650130	0.000407
9.660130	0.000404
9.670130	0.000393
9.680130	0.000381
9.690130	0.000385
9.700130	0.000391
9.710130	0.000381
9.720130	0.000369
9.730130	0.000364
9.740130	0.000345
9.750130	0.000352
9.760130	0.000355
9.770130	0.000362
9.780130	0.000339
9.790130	0.000319
9.800130	0.000325
9.810130	0.000314
9.820130	0.000310
9.830130	0.000297
9.840130	0.000295
9.850130	0.000284
9.860130	0.000276
9.870130	0.000312
9.880130	0.000280
9.890130	0.000282
9.900130	0.000280
9.910130	0.000283
9.920130	0.000277
9.930130	0.000264
9.940130	0.000267
9.950130	0.000255
9.960130	0.000247
9.970130	0.000245
9.980130	0.000253
9.990130	0.000228
