0.000000	1.000000
0.010000	0.849303
0.020000	0.899907
0.030000	0.877049
0.040000	0.835870
0.050000	0.815015
0.060000	0.915021
0.070000	0.863515
0.080000	0.939720
0.090000	0.901155
0.100000	0.895807
0.110000	0.887431
0.120000	0.888339
0.130000	0.859447
0.140000	0.899521
0.150000	0.877168
0.160000	0.881757
0.170000	0.880396
0.180000	0.883826
0.190000	0.891505
0.200000	0.873982
0.210000	0.908399
0.220000	0.889070
0.230000	0.857581
0.240000	0.882052
0.250000	0.861867
0.260000	0.913255
0.270000	0.894798
0.280000	0.855603
0.290000	0.889869
0.300000	0.858876
0.310000	0.867405
0.320000	0.906878
0.330000	0.855817
0.340000	0.871249
0.350000	0.900588
0.360000	0.879665
0.370000	0.901747
0.380000	0.867383
0.390000	0.877104
0.400000	0.870562
0.410000	0.882019
0.420000	0.852811
0.430000	0.913711
0.440000	0.847574
0.450000	0.906101
0.460000	0.894897
0.470000	0.891996
0.480000	0.856981
0.490000	0.925466
0.500000	0.874929
0.510000	0.900020
0.520000	0.833030
0.530000	0.905379
0.540000	0.891256
0.550000	0.915661
0.560000	0.880800
0.570000	0.909540
0.580000	0.854242
0.590000	0.880126
0.600000	0.872354
0.610000	0.874422
0.620000	0.866649
0.630000	0.899555
0.640000	0.888232
0.650000	0.885888
0.660000	0.857462
0.670000	0.870540
0.680000	0.856367
0.690000	0.880227
0.700000	0.882231
0.710000	0.906885
0.720000	0.933327
0.730000	0.852045
0.740000	0.872042
0.750000	0.855926
0.760000	0.837533
0.770000	0.888304
0.780000	0.857218
0.790000	0.888867
0.800000	0.923491
0.810000	0.881183
0.820000	0.860371
0.830000	0.908255
0.839999	0.850215
0.849999	0.873254
0.859999	0.851440
0.869999	0.837813
0.879999	0.868393
0.889999	0.941190
0.899999	0.849209
0.909999	0.874557
0.919999	0.911904
0.929999	0.838253
0.939999	0.877852
0.949999	0.856057
0.959999	0.877164
0.969999	0.841117
0.979999	0.892167
0.989999	0.865155
0.999999	0.891750
1.010000	0.833926
1.020000	0.869688
1.030000	0.858774
1.040000	0.856921
1.050000	0.831055
1.060000	0.846171
1.070000	0.885246
1.080000	0.812561
1.090000	0.871283
1.100000	0.875741
1.110000	0.857369
1.120000	0.835640
1.130000	0.851636
1.140000	0.819707
1.150000	0.878790
1.160000	0.805270
1.170000	0.860014
1.180000	0.896731
1.190000	0.840279
1.200000	0.868535
1.210000	0.825549
1.220000	0.839846
1.230000	0.846805
1.240000	0.838249
1.250000	0.820451
1.260000	0.864094
1.270000	0.836626
1.280000	0.899835
1.290000	0.882514
1.300000	0.837910
1.310000	0.815003
1.320000	0.829411
1.330000	0.814237
1.340000	0.844078
1.350000	0.842428
1.360000	0.844966
1.370000	0.865962
1.380000	0.845634
1.390000	0.827699
1.400000	0.821828
1.410000	0.819946
1.420000	0.854849
1.430000	0.809030
1.440000	0.852099
1.450000	0.829017
1.460000	0.832970
1.470000	0.819938
1.480000	0.819166
1.490000	0.847728
1.500000	0.821167
1.510000	0.776738
1.520000	0.877848
1.530000	0.834208
1.540000	0.800123
1.550000	0.814719
1.560000	0.826822
1.570000	0.828013
1.580000	0.829151
1.590000	0.786056
1.600000	0.855854
1.610000	0.797221
1.620000	0.832994
1.630000	0.837890
1.640000	0.815609
1.650000	0.775268
1.660000	0.840721
1.670000	0.787328
1.680000	0.825067
1.690000	0.783540
1.700000	0.812047
1.710000	0.805927
1.720000	0.806984
1.730000	0.786104
1.740000	0.809516
1.750000	0.827868
1.760000	0.764886
1.770000	0.798201
1.780000	0.805260
1.790000	0.782312
1.800000	0.762178
1.810000	0.831229
1.820000	0.782218
1.830000	0.790215
1.840000	0.765881
1.850000	0.790937
1.860000	0.771709
1.870000	0.783907
1.880000	0.763756
1.890000	0.777946
1.900000	0.781136
1.910000	0.762035
1.920000	0.811515
1.930000	0.758630
1.940000	0.725319
1.950000	0.755302
1.960000	0.750643
1.970000	0.757468
1.980000	0.772459
1.990000	0.789420
2.000000	0.760669
2.010000	0.787324
2.020000	0.737934
2.030000	0.743666
2.040000	0.697765
2.050000	0.744409
2.060000	0.740551
2.070000	0.787206
2.080000	0.732149
2.090000	0.800966
2.100000	0.725136
2.110000	0.735522
2.120000	0.713828
2.130000	0.704390
2.140000	0.707427
2.150000	0.747241
2.160000	0.725760
2.170000	0.751645
2.180000	0.725564
2.190000	0.723732
2.200000	0.738592
2.210000	0.716167
2.220000	0.703576
2.230000	0.720838
2.240000	0.693200
2.250000	0.708484
2.260000	0.729339
2.270000	0.708861
2.280000	0.702857
2.290000	0.692550
2.300000	0.720163
2.310000	0.697191
2.320000	0.691696
2.330000	0.695634
2.340000	0.690168
2.350000	0.712666
2.360000	0.710910
2.370000	0.672342
2.380000	0.726865
2.390000	0.670725
2.400000	0.665419
2.410000	0.704845
2.420000	0.676894
2.430000	0.665145
2.440000	0.705332
2.450000	0.695814
2.460000	0.679773
2.470000	0.677835
2.480000	0.679802
2.490000	0.693925
2.500000	0.652427
2.510000	0.653475
2.520000	0.681388
2.530000	0.640550
2.540000	0.676124
2.550000	0.683248
2.560000	0.684321
2.570000	0.628246
2.580000	0.649627
2.590000	0.655929
2.600000	0.654463
2.610000	0.614146
2.620000	0.659148
2.630000	0.651420
2.640000	0.665476
2.650000	0.619273
2.660000	0.642147
2.670000	0.656324
2.680000	0.612029
2.690000	0.619111
2.700000	0.645136
2.710000	0.637811
2.720000	0.624905
2.730000	0.640731
2.740000	0.614128
2.750000	0.611415
2.760000	0.593549
2.770000	0.613985
2.780000	0.636232
2.790000	0.637559
2.800000	0.609018
2.810000	0.632728
2.820000	0.590848
2.830000	0.590625
2.840000	0.593772
2.850000	0.594971
2.860000	0.588847
2.870000	0.587273
2.880000	0.618837
2.890000	0.601667
2.900000	0.583298
2.910000	0.590775
2.920000	0.584370
2.930000	0.581056
2.940000	0.571496
2.950000	0.554488
2.960000	0.565078
2.970000	0.567799
2.980000	0.581918
2.990000	0.567929
3.000000	0.548744
3.010000	0.574495
3.020000	0.550910
3.030000	0.544653
3.040000	0.540178
3.050000	0.560433
3.060000	0.561062
3.070000	0.544299
3.080000	0.540166
3.090000	0.569605
3.100000	0.522525
3.110000	0.541777
3.120000	0.555818
3.130000	0.536554
3.140000	0.530416
3.150000	0.529995
3.160000	0.528945
3.170000	0.519062
3.180000	0.524574
3.190000	0.530529
3.200000	0.516566
3.210000	0.506549
3.220000	0.511457
3.230000	0.495786
3.240000	0.526941
3.250000	0.482476
3.260000	0.502166
3.270000	0.546454
3.280000	0.511349
3.290000	0.480388
3.300000	0.500027
3.310000	0.479897
3.320000	0.482199
3.330000	0.476861
3.340000	0.476840
3.350000	0.495712
3.360000	0.498625
3.370000	0.483899
3.380000	0.479054
3.390000	0.458908
3.400000	0.454223
3.410000	0.477552
3.420000	0.449064
3.430000	0.459364
3.440000	0.459489
3.450000	0.470478
3.460000	0.464533
3.470000	0.445883
3.480000	0.458039
3.490000	0.458488
3.500000	0.435705
3.510000	0.458876
3.520000	0.438415
3.530000	0.445820
3.540000	0.446221
3.550000	0.423995
3.560000	0.455186
3.570000	0.430982
3.580000	0.425624
3.590000	0.431577
3.600000	0.412255
3.610000	0.427357
3.620000	0.436314
3.630000	0.408181
3.640000	0.407852
3.650000	0.418709
3.660000	0.406671
3.670000	0.421268
3.680000	0.398402
3.690000	0.412991
3.700000	0.413490
3.710000	0.416030
3.720000	0.388387
3.730000	0.394849
3.740000	0.388904
3.750000	0.406628
3.760000	0.377685
3.770000	0.392991
3.780000	0.373437
3.790000	0.383120
3.800000	0.385260
3.810000	0.379554
3.820000	0.377281
3.830000	0.376468
3.840000	0.376096
3.850000	0.373072
3.860000	0.376274
3.870000	0.352373
3.880000	0.365059
3.890000	0.359275
3.900000	0.363020
3.910000	0.365729
3.920000	0.360935
3.930000	0.356261
3.940000	0.357851
3.950000	0.344878
3.960000	0.338811
3.970000	0.352544
3.980000	0.349473
3.990000	0.351229
4.000000	0.342769
4.010000	0.349290
4.020000	0.322210
4.030000	0.326164
4.040000	0.329782
4.050000	0.328025
4.060000	0.328381
4.070000	0.329623
4.080000	0.335572
4.090000	0.318332
4.100000	0.323328
4.110000	0.309644
4.120000	0.309936
4.130000	0.303621
4.140000	0.306080
4.150000	0.311636
4.160000	0.327837
4.170000	0.297905
4.180000	0.312274
4.190000	0.305503
4.200000	0.290589
4.210000	0.291193
4.220000	0.290025
4.230000	0.292535
4.240000	0.291280
4.250000	0.288375
4.260000	0.297797
4.270000	0.288003
4.280000	0.277838
4.290000	0.280520
4.300000	0.281988
4.310000	0.268470
4.320000	0.273910
4.330000	0.268069
4.340000	0.280621
4.350000	0.264762
4.360000	0.263572
4.370010	0.274404
4.380010	0.260315
4.390010	0.257500
4.400010	0.261706
4.410010	0.253642
4.420010	0.257370
4.430010	0.256005
4.440010	0.247004
4.450010	0.263003
4.460010	0.242063
4.470010	0.247751
4.480010	0.246833
4.490010	0.234091
4.500010	0.245957
4.510010	0.242712
4.520010	0.230078
4.530010	0.233360
4.540010	0.236459
4.550010	0.233923
4.560010	0.239134
4.570010	0.220762
4.580010	0.233405
4.590010	0.219465
4.600010	0.221201
4.610010	0.223172
4.620010	0.217691
4.630010	0.228034
4.640010	0.223714
4.650010	0.217060
4.660010	0.208725
4.670010	0.207423
4.680010	0.208530
4.690010	0.211987
4.700010	0.198776
4.710010	0.213267
4.720010	0.208306
4.730010	0.204426
4.740010	0.200614
4.750010	0.198554
4.760010	0.199079
4.770010	0.199185
4.780010	0.193871
4.790010	0.195850
4.800010	0.202260
4.810020	0.186698
4.820020	0.191133
4.830020	0.186719
4.840020	0.185350
4.850020	0.181786
4.860020	0.184062
4.870020	0.187241
4.880020	0.182953
4.890020	0.179179
4.900020	0.183750
4.910020	0.171775
4.920020	0.171594
4.930020	0.175536
4.940020	0.171213
4.950020	0.174639
4.960020	0.172365
4.970020	0.172779
4.980020	0.170858
4.990020	0.164130
5.000020	0.164561
5.010020	0.164637
5.020020	0.164063
5.030020	0.161255
5.040020	0.159662
5.050020	0.161210
5.060020	0.159324
5.070020	0.159409
5.080020	0.155398
5.090020	0.151769
5.100020	0.151635
5.110020	0.150168
5.120020	0.147184
5.130020	0.147182
5.140020	0.146620
5.150020	0.146789
5.160020	0.143492
5.170020	0.138235
5.180020	0.140158
5.190020	0.136963
5.200020	0.138236
5.210020	0.136935
5.220020	0.132882
5.230020	0.130119
5.240030	0.131951
5.250030	0.131361
5.260030	0.128635
5.270030	0.128889
5.280030	0.129248
5.290030	0.125828
5.300030	0.121763
5.310030	0.123286
5.320030	0.117000
5.330030	0.123550
5.340030	0.118804
5.350030	0.122285
5.360030	0.120457
5.370030	0.117358
5.380030	0.108679
5.390030	0.114297
5.400030	0.110805
5.410030	0.110862
5.420030	0.112357
5.430030	0.112129
5.440030	0.112175
5.450030	0.111778
5.460030	0.107383
5.470030	0.106168
5.480030	0.102637
5.490030	0.102326
5.500030	0.105356
5.510030	0.101483
5.520030	0.102726
5.530030	0.103141
5.540030	0.102910
5.550030	0.098275
5.560030	0.096685
5.570030	0.098957
5.580030	0.093785
5.590030	0.095211
5.600030	0.095813
5.610030	0.093742
5.620030	0.091744
5.630030	0.092729
5.640030	0.090734
5.650030	0.092837
5.660030	0.086571
5.670030	0.088398
5.680040	0.087667
5.690040	0.086499
5.700040	0.086340
5.710040	0.085678
5.720040	0.084328
5.730040	0.081533
5.740040	0.080722
5.750040	0.080878
5.760040	0.082424
5.770040	0.078046
5.780040	0.081526
5.790040	0.078873
5.800040	0.078028
5.810040	0.075524
5.820040	0.077270
5.830040	0.074140
5.840040	0.075281
5.850040	0.075072
5.860040	0.076294
5.870040	0.071280
5.880040	0.072049
5.890040	0.071332
5.900040	0.072425
5.910040	0.069958
5.920040	0.069080
5.930040	0.069855
5.940040	0.069237
5.950040	0.064068
5.960040	0.065255
5.970040	0.065366
5.980040	0.066008
5.990040	0.066384
6.000040	0.064995
6.010040	0.062253
6.020040	0.063328
6.030040	0.060293
6.040040	0.063292
6.050040	0.060706
6.060040	0.060136
6.070040	0.062207
6.080040	0.059468
6.090040	0.057482
6.100040	0.059217
6.110040	0.055169
6.120050	0.056612
6.130050	0.055886
6.140050	0.055642
6.150050	0.055258
6.160050	0.054617
6.170050	0.054011
6.180050	0.051964
6.190050	0.051493
6.200050	0.052445
6.210050	0.049410
6.220050	0.051918
6.230050	0.052105
6.240050	0.050667
6.250050	0.051000
6.260050	0.048248
6.270050	0.047191
6.280050	0.047872
6.290050	0.044949
6.300050	0.044556
6.310050	0.046328
6.320050	0.044936
6.330050	0.047596
6.340050	0.044863
6.350050	0.043313
6.360050	0.043142
6.370050	0.042913
6.380050	0.041845
6.390050	0.043277
6.400050	0.040961
6.410050	0.042583
6.420050	0.042510
6.430050	0.041178
6.440050	0.039974
6.450050	0.039070
6.460050	0.039189
6.470050	0.038323
6.480050	0.037429
6.490050	0.038284
6.500050	0.038195
6.510050	0.036587
6.520050	0.036596
6.530050	0.035484
6.540050	0.035108
6.550060	0.035002
6.560060	0.034425
6.570060	0.034774
6.580060	0.033753
6.590060	0.034142
6.600060	0.032903
6.610060	0.032627
6.620060	0.033361
6.630060	0.033626
6.640060	0.031154
6.650060	0.031680
6.660060	0.030344
6.670060	0.030962
6.680060	0.030347
6.690060	0.029195
6.700060	0.030199
6.710060	0.029936
6.720060	0.029042
6.730060	0.028530
6.740060	0.028258
6.750060	0.026364
6.760060	0.027655
6.770060	0.027372
6.780060	0.026428
6.790060	0.026569
6.800060	0.027625
6.810060	0.026361
6.820060	0.025841
6.830060	0.025203
6.840060	0.025242
6.850060	0.024875
6.860060	0.023684
6.870060	0.024458
6.880060	0.024469
6.890060	0.023716
6.900060	0.023190
6.910060	0.022898
6.920060	0.022731
6.930060	0.022108
6.940060	0.021380
6.950060	0.022064
6.960060	0.022655
6.970060	0.021430
6.980060	0.021459
6.990070	0.020732
7.000070	0.020372
7.010070	0.020736
7.020070	0.020355
7.030070	0.020718
7.040070	0.019412
7.050070	0.019781
7.060070	0.019771
7.070070	0.018586
7.080070	0.017747
7.090070	0.018166
7.100070	0.017244
7.110070	0.017745
7.120070	0.017048
7.130070	0.017475
7.140070	0.017270
7.150070	0.016491
7.160070	0.016996
7.170070	0.016304
7.180070	0.015510
7.190070	0.015998
7.200070	0.015894
7.210070	0.015523
7.220070	0.016087
7.230070	0.015072
7.240070	0.014994
7.250070	0.014897
7.260070	0.014246
7.270070	0.014775
7.280070	0.014024
7.290070	0.013956
7.300070	0.013974
7.310070	0.013739
7.320070	0.013014
7.330070	0.013566
7.340070	0.013092
7.350070	0.013416
7.360070	0.013114
7.370070	0.012730
7.380070	0.012571
7.390070	0.012097
7.400070	0.012515
7.410070	0.012354
7.420070	0.012559
7.430080	0.012053
7.440080	0.012012
7.450080	0.011416
7.460080	0.011717
7.470080	0.010740
7.480080	0.011528
7.490080	0.010672
7.500080	0.010883
7.510080	0.011321
7.520080	0.010778
7.530080	0.010554
7.540080	0.010505
7.550080	0.009807
7.560080	0.010131
7.570080	0.009794
7.580080	0.009683
7.590080	0.010100
7.600080	0.010056
7.610080	0.009688
7.620080	0.009839
7.630080	0.009098
7.640080	0.009003
7.650080	0.008649
7.660080	0.009209
7.670080	0.008404
7.680080	0.008670
7.690080	0.008447
7.700080	0.008449
7.710080	0.007896
7.720080	0.008177
7.730080	0.007742
7.740080	0.007741
7.750080	0.007520
7.760080	0.007840
7.770080	0.007723
7.780080	0.007537
7.790080	0.007401
7.800080	0.007414
7.810080	0.007214
7.820080	0.007073
7.830080	0.006875
7.840080	0.006860
7.850080	0.006894
7.860090	0.006940
7.870090	0.006701
7.880090	0.006276
7.890090	0.006110
7.900090	0.006199
7.910090	0.006134
7.920090	0.005927
7.930090	0.006141
7.940090	0.006186
7.950090	0.006082
7.960090	0.005876
7.970090	0.005787
7.980090	0.005874
7.990090	0.005915
8.000090	0.005572
8.010090	0.005801
8.020090	0.005465
8.030090	0.005369
8.040090	0.005293
8.050090	0.005463
8.060090	0.005199
8.070090	0.005207
8.080090	0.005051
8.090090	0.005033
8.100090	0.004681
8.110090	0.004925
8.120090	0.004692
8.130090	0.004842
8.140090	0.004634
8.150090	0.004681
8.160090	0.004696
8.170090	0.004605
8.180090	0.004231
8.190090	0.004579
8.200090	0.004252
8.210090	0.004205
8.220090	0.004172
8.230090	0.004197
8.240090	0.004068
8.250090	0.004083
8.260090	0.003811
8.270090	0.003864
8.280090	0.003608
8.290090	0.003679
8.300090	0.003619
8.310090	0.003760
8.320100	0.003677
8.330100	0.003693
8.340100	0.003561
8.350100	0.003470
8.360100	0.003375
8.370100	0.003503
8.380100	0.003308
8.390100	0.003443
8.400100	0.003469
8.410100	0.003352
8.420100	0.003309
8.430100	0.003151
8.440100	0.002966
8.450100	0.003014
8.460100	0.002910
8.470100	0.002833
8.480100	0.002883
8.490100	0.002843
8.500100	0.002800
8.510100	0.002762
8.520100	0.002690
8.530100	0.002520
8.540100	0.002573
8.550100	0.002594
8.560100	0.002650
8.570100	0.002626
8.580100	0.002642
8.590100	0.002540
8.600100	0.002518
8.610100	0.002408
8.620100	0.002394
8.630100	0.002310
8.640100	0.002370
8.650100	0.002302
8.660100	0.002292
8.670100	0.002165
8.680100	0.002161
8.690100	0.002135
8.700100	0.002165
8.710100	0.002087
8.720100	0.002094
8.730100	0.001989
8.740100	0.002051
8.750100	0.002035
8.760110	0.002040
8.770110	0.001975
8.780110	0.002040
8.790110	0.002001
8.800110	0.001944
8.810110	0.001784
8.820110	0.001830
8.830110	0.001740
8.840110	0.001759
8.850110	0.001684
8.860110	0.001718
8.870110	0.001683
8.880110	0.001678
8.890110	0.001602
8.900110	0.001653
8.910110	0.001560
8.920110	0.001572
8.930110	0.001523
8.940110	0.001529
8.950110	0.001544
8.960110	0.001556
8.970110	0.001531
8.980110	0.001469
8.990110	0.001451
9.000110	0.001401
9.010110	0.001314
9.020110	0.001328
9.030110	0.001281
9.040110	0.001279
9.050110	0.001276
9.060110	0.001195
9.070110	0.001160
9.080110	0.001169
9.090110	0.001114
9.100110	0.001153
9.110110	0.001098
9.120110	0.001125
9.130110	0.001131
9.140110	0.001094
9.150110	0.001057
9.160110	0.001062
9.170110	0.001025
9.180110	0.001023
9.190110	0.000991
9.200120	0.000997
9.210120	0.000998
9.220120	0.000963
9.230120	0.000914
9.240120	0.000859
9.250120	0.000867
9.260120	0.000821
9.270120	0.000792
9.280120	0.000810
9.290120	0.000819
9.300120	0.000792
9.310120	0.000794
9.320120	0.000752
9.330120	0.000721
9.340120	0.000744
9.350120	0.000728
9.360120	0.000714
9.370120	0.000710
9.380120	0.000702
9.390120	0.000692
9.400120	0.000675
9.410120	0.000647
9.420120	0.000645
9.430120	0.000635
9.440120	0.000591
9.450120	0.000603
9.460120	0.000569
9.470120	0.000576
9.480120	0.000566
9.490120	0.000575
9.500120	0.000556
9.510120	0.000550
9.520120	0.000536
9.530120	0.000556
9.540120	0.000515
9.550120	0.000525
9.560120	0.000504
9.570120	0.000508
9.580120	0.000500
9.590120	0.000483
9.600120	0.000478
9.610120	0.000465
9.620120	0.000425
9.630130	0.000431
9.640130	0.000410
9.650130	0.000405
9.660130	0.000401
9.670130	0.000418
9.680130	0.000417
9.690130	0.000423
9.700130	0.000390
9.710130	0.000401
9.720130	0.000382
9.730130	0.000397
9.740130	0.000378
9.750130	0.000394
9.760130	0.000384
9.770130	0.000386
9.780130	0.000362
9.790130	0.000357
9.800130	0.000327
9.810130	0.000334
9.820130	0.000326
9.830130	0.000320
9.840130	0.000315
9.850130	0.000315
9.860130	0.000302
9.870130	0.000299
9.880130	0.000295
9.890130	0.000282
9.900130	0.000276
9.910130	0.000284
9.920130	0.000283
9.930130	0.000290
9.940130	0.000277
9.950130	0.000275
9.960130	0.000262
9.970130	0.000249
9.980130	0.000245
9.990130	0.000253
