3.805603504626589473e+00 1.723000530000054376e+00
-0.000000000000000000e+00 2.461697530000056311e+00
1.918146927735176144e+00 1.912493029999969174e+00
3.866984206314115102e+00 1.722900000000000098e+00
3.007654382688756289e+00 1.760031379999891676e+00
3.590771048720249770e+00 1.726453809999857647e+00
4.664933328251947842e+00 1.755490679999884840e+00
3.836293855470352288e+00 1.722906699999858127e+00
3.196783669763444635e+00 1.745351280000041250e+00
1.278636742028268269e+00 2.055762320000003918e+00
2.557657113442083574e+00 1.809119009999922589e+00
4.081816662220455250e+00 1.725526230000032690e+00
6.395101857069076523e-01 2.237335759999969476e+00
