-3.069035084376281822e-02 4.173999991508026142e-05
-0.000000000000000000e+00 0.000000000000000000e+00
-2.455228067501025457e-01 2.772349999986545299e-03
2.455228067501025457e-01 2.711749999889434548e-03
8.286394727815961092e-01 3.117391999990104523e-02
3.069035084376281822e-02 5.113999986861017533e-05
-1.964182454000820366e+00 2.054027799999857962e-01
3.836293855470352288e+00 5.554512899998371722e-01
-8.286394727815961092e-01 3.364347999990968674e-02
-3.836293855470352288e+00 8.896346599999560567e-01
1.964182454000820366e+00 1.650797499999043794e-01
