0.000000	1.000000
0.000010	0.844344
0.000020	0.810475
0.000030	0.762054
0.000040	0.708654
0.000050	0.680499
0.000060	0.669015
0.000070	0.687216
0.000080	0.586961
0.000090	0.550696
0.000100	0.556493
0.000110	0.570621
0.000120	0.577706
0.000130	0.577668
0.000140	0.579930
0.000150	0.569974
0.000160	0.559268
0.000170	0.545200
0.000180	0.537360
0.000190	0.534602
0.000200	0.517148
0.000210	0.499748
0.000220	0.504525
0.000230	0.501280
0.000240	0.507459
0.000250	0.523418
0.000260	0.546128
0.000270	0.529943
0.000280	0.531922
0.000290	0.521917
0.000300	0.496419
0.000310	0.490710
0.000320	0.508406
0.000330	0.507726
0.000340	0.492990
0.000350	0.489600
0.000360	0.465946
0.000370	0.438745
0.000380	0.428195
0.000390	0.432888
0.000400	0.397664
0.000410	0.386313
0.000420	0.390459
0.000430	0.376664
0.000440	0.361341
0.000450	0.358572
0.000460	0.363263
0.000470	0.336764
0.000480	0.334132
0.000490	0.342661
0.000500	0.321659
0.000510	0.308793
0.000520	0.314937
0.000530	0.330360
0.000540	0.335126
0.000550	0.318476
0.000560	0.323418
0.000570	0.302822
0.000580	0.293113
0.000590	0.291246
0.000600	0.291306
0.000610	0.299171
0.000620	0.276110
0.000630	0.272230
0.000640	0.276870
0.000650	0.280747
0.000660	0.276996
0.000670	0.270519
0.000680	0.289897
0.000690	0.278826
0.000700	0.278925
0.000710	0.273684
0.000720	0.276616
0.000730	0.268756
0.000740	0.257599
0.000750	0.269831
0.000760	0.271755
0.000770	0.271362
0.000780	0.249794
0.000790	0.256543
0.000800	0.256744
0.000810	0.261819
0.000820	0.252214
0.000830	0.248771
0.000840	0.237352
0.000850	0.217781
0.000860	0.215993
0.000870	0.209062
0.000880	0.221054
0.000890	0.211087
0.000900	0.214256
0.000910	0.205391
0.000920	0.198155
0.000930	0.199771
0.000940	0.193486
0.000950	0.199866
0.000960	0.197986
0.000970	0.200125
0.000980	0.195016
0.000990	0.191470
0.001000	0.189328
0.001010	0.173456
0.001020	0.178640
0.001030	0.188843
0.001040	0.181816
0.001050	0.176105
0.001060	0.172954
0.001070	0.187207
0.001080	0.188435
0.001090	0.191974
0.001100	0.196901
0.001110	0.186104
0.001120	0.175093
0.001130	0.169257
0.001140	0.180282
0.001150	0.183424
0.001160	0.180055
0.001170	0.174497
0.001180	0.169272
0.001190	0.163555
0.001200	0.159787
0.001210	0.160509
0.001220	0.171472
0.001230	0.168595
0.001240	0.169526
0.001250	0.172793
0.001260	0.173204
0.001270	0.171478
0.001280	0.170783
0.001290	0.181311
0.001300	0.165578
0.001310	0.161888
0.001320	0.159480
0.001330	0.162959
0.001340	0.167940
0.001350	0.175803
0.001360	0.184274
0.001370	0.170208
0.001380	0.165476
0.001390	0.158484
0.001400	0.158966
0.001410	0.163924
0.001420	0.170651
0.001430	0.168071
0.001440	0.161982
0.001450	0.158700
0.001460	0.154103
0.001470	0.153014
0.001480	0.153868
0.001490	0.158554
0.001500	0.159476
0.001510	0.165729
0.001520	0.171334
0.001530	0.171555
0.001540	0.169385
0.001550	0.165440
0.001560	0.158386
0.001570	0.153940
0.001580	0.157691
0.001590	0.161006
0.001600	0.163594
0.001610	0.163039
0.001620	0.162468
0.001630	0.161888
0.001640	0.166303
0.001650	0.164414
0.001660	0.159811
0.001670	0.162577
0.001680	0.165769
0.001690	0.164554
0.001700	0.163913
0.001710	0.164216
0.001720	0.159775
0.001730	0.154759
0.001740	0.155209
0.001750	0.156772
0.001760	0.156143
0.001770	0.159464
0.001780	0.163905
0.001790	0.163645
0.001800	0.163337
0.001810	0.161944
0.001820	0.158539
0.001830	0.152437
0.001840	0.152971
0.001850	0.154514
0.001860	0.152709
0.001870	0.150766
0.001880	0.146781
0.001890	0.141042
0.001900	0.138352
0.001910	0.139180
0.001920	0.137419
0.001930	0.135403
0.001940	0.132258
0.001950	0.128820
0.001960	0.128799
0.001970	0.129421
0.001980	0.128012
0.001990	0.126772
0.002000	0.123434
0.002010	0.122135
0.002020	0.119623
0.002030	0.119510
0.002040	0.120049
0.002050	0.120888
0.002060	0.123818
0.002070	0.122024
0.002080	0.122385
0.002090	0.118663
0.002100	0.117858
0.002110	0.116509
0.002120	0.117762
0.002130	0.118944
0.002140	0.115703
0.002150	0.112464
0.002160	0.107218
0.002170	0.109133
0.002180	0.108272
0.002190	0.108738
0.002200	0.107775
0.002210	0.106051
0.002220	0.105390
0.002230	0.105794
0.002240	0.107339
0.002250	0.105486
0.002260	0.103790
0.002270	0.100258
0.002280	0.097502
0.002290	0.094779
0.002300	0.092434
0.002310	0.091028
0.002320	0.090798
0.002330	0.091817
0.002340	0.092212
0.002350	0.092328
0.002360	0.091642
0.002370	0.089830
0.002380	0.088956
0.002390	0.088672
0.002400	0.088548
0.002410	0.087755
0.002420	0.086668
0.002430	0.085892
0.002440	0.084529
0.002450	0.083819
0.002460	0.082189
0.002470	0.080802
0.002480	0.079571
0.002490	0.079193
0.002500	0.079587
0.002510	0.079591
0.002520	0.079121
0.002530	0.077606
0.002540	0.076069
0.002550	0.074920
0.002560	0.074285
0.002570	0.073753
0.002580	0.072513
0.002590	0.070930
0.002600	0.071911
0.002610	0.072575
0.002620	0.072645
0.002630	0.071589
0.002640	0.069708
0.002650	0.067551
0.002660	0.067427
0.002670	0.068587
0.002680	0.069118
0.002690	0.068844
0.002700	0.067769
0.002710	0.066334
0.002720	0.064923
0.002730	0.063951
0.002740	0.063271
0.002750	0.062519
0.002760	0.062074
0.002770	0.062023
0.002780	0.061883
0.002790	0.061299
0.002800	0.060366
0.002810	0.059357
0.002820	0.058974
0.002830	0.058998
0.002840	0.058727
0.002850	0.058273
0.002860	0.058599
0.002870	0.059320
0.002880	0.059743
0.002890	0.059768
0.002900	0.058985
0.002910	0.057807
0.002920	0.056540
0.002930	0.057031
0.002940	0.057946
0.002950	0.058149
0.002960	0.058066
0.002970	0.057262
0.002980	0.056281
0.002990	0.055388
0.003000	0.054972
0.003010	0.055176
0.003020	0.055007
0.003030	0.054918
0.003040	0.054785
0.003050	0.054762
0.003060	0.054703
0.003070	0.054313
0.003080	0.053745
0.003090	0.052946
0.003100	0.052275
0.003110	0.052260
0.003120	0.052284
0.003130	0.052260
0.003140	0.052055
0.003150	0.051898
0.003160	0.051670
0.003170	0.051233
0.003180	0.050545
0.003190	0.050105
0.003200	0.050462
0.003210	0.050717
0.003220	0.050814
0.003230	0.050695
0.003240	0.050338
0.003250	0.049764
0.003260	0.049261
0.003270	0.049096
0.003280	0.049123
0.003290	0.048949
0.003300	0.048826
0.003310	0.048713
0.003320	0.048664
0.003330	0.048584
0.003340	0.048393
0.003350	0.048280
0.003360	0.047874
0.003370	0.047813
0.003380	0.047720
0.003390	0.047669
0.003400	0.047431
0.003410	0.047242
0.003420	0.047081
0.003430	0.046918
0.003440	0.046764
0.003450	0.046583
0.003460	0.046521
0.003470	0.046196
0.003480	0.046192
0.003490	0.045844
0.003500	0.045683
0.003510	0.045042
0.003520	0.044598
0.003530	0.044159
0.003540	0.043633
0.003550	0.043402
0.003560	0.042790
0.003570	0.042468
0.003580	0.041968
0.003590	0.041688
0.003600	0.041344
0.003610	0.040946
0.003620	0.040576
0.003630	0.040050
0.003640	0.039878
0.003650	0.039648
0.003660	0.039272
0.003670	0.038796
0.003680	0.038165
0.003690	0.037599
0.003700	0.037298
0.003710	0.037070
0.003720	0.036845
0.003730	0.036404
0.003740	0.035920
0.003750	0.035652
0.003760	0.035758
0.003770	0.035812
0.003780	0.035702
0.003790	0.035672
0.003800	0.035464
0.003810	0.035173
0.003820	0.034697
0.003830	0.034358
0.003840	0.034142
0.003850	0.033842
0.003860	0.033626
0.003870	0.033451
0.003880	0.033118
0.003890	0.032762
0.003900	0.032570
0.003910	0.032605
0.003920	0.032560
0.003930	0.032400
0.003940	0.032219
0.003950	0.031776
0.003960	0.031528
0.003970	0.031379
0.003980	0.031231
0.003990	0.031018
0.004000	0.030648
0.004010	0.030301
0.004020	0.030167
0.004030	0.030253
0.004040	0.030241
0.004050	0.030105
0.004060	0.029895
0.004070	0.029600
0.004080	0.029269
0.004090	0.028920
0.004100	0.028779
0.004110	0.028820
0.004120	0.028700
0.004130	0.028588
0.004140	0.028530
0.004150	0.028442
0.004160	0.028386
0.004170	0.028136
0.004180	0.028083
0.004190	0.028025
0.004200	0.028066
0.004210	0.028020
0.004220	0.027900
0.004230	0.027884
0.004240	0.027654
0.004250	0.027673
0.004260	0.027568
0.004270	0.027530
0.004280	0.027309
0.004290	0.027290
0.004300	0.027524
0.004310	0.027494
0.004320	0.027422
0.004330	0.027170
0.004340	0.026884
0.004350	0.026495
0.004360	0.026499
0.004370	0.026743
0.004380	0.026891
0.004390	0.026941
0.004400	0.027008
0.004410	0.027083
0.004420	0.027085
0.004430	0.026987
0.004440	0.026755
0.004450	0.026608
0.004460	0.026696
0.004470	0.026795
0.004480	0.026882
0.004490	0.026903
0.004500	0.026800
0.004510	0.026609
0.004520	0.026403
0.004530	0.026268
0.004540	0.026147
0.004550	0.026108
0.004560	0.026098
0.004570	0.026119
0.004580	0.026180
0.004590	0.026161
0.004600	0.026043
0.004610	0.025792
0.004620	0.025535
0.004630	0.025270
0.004640	0.025059
0.004650	0.024918
0.004660	0.024834
0.004670	0.024760
0.004680	0.024693
0.004690	0.024623
0.004700	0.024489
0.004710	0.024327
0.004720	0.024271
0.004730	0.024214
0.004740	0.024140
0.004750	0.024053
0.004760	0.023958
0.004770	0.023873
0.004780	0.023751
0.004790	0.023734
0.004800	0.023766
0.004810	0.023862
0.004820	0.023911
0.004830	0.023887
0.004840	0.023807
0.004850	0.023611
0.004860	0.023396
0.004870	0.023044
0.004880	0.022640
0.004890	0.022211
0.004900	0.021883
0.004910	0.021777
0.004920	0.021811
0.004930	0.021875
0.004940	0.021910
0.004950	0.021926
0.004960	0.021865
0.004970	0.021767
0.004980	0.021669
0.004990	0.021567
0.005000	0.021446
0.005010	0.021318
0.005020	0.021175
0.005030	0.020944
0.005040	0.020679
0.005050	0.020405
0.005060	0.020173
0.005070	0.019988
0.005080	0.019825
0.005090	0.019666
0.005100	0.019455
0.005110	0.019262
0.005120	0.019159
0.005130	0.019161
0.005140	0.019131
0.005150	0.019054
0.005160	0.018927
0.005170	0.018717
0.005180	0.018577
0.005190	0.018412
0.005200	0.018193
0.005210	0.017936
0.005220	0.017681
0.005230	0.017540
0.005240	0.017482
0.005250	0.017493
0.005260	0.017448
0.005270	0.017379
0.005280	0.017357
0.005290	0.017295
0.005300	0.017214
0.005310	0.016958
0.005320	0.016684
0.005330	0.016382
0.005340	0.016073
0.005350	0.015773
0.005360	0.015509
0.005370	0.015271
0.005380	0.014983
0.005390	0.014826
0.005400	0.014758
0.005410	0.014671
0.005420	0.014511
0.005430	0.014328
0.005440	0.014181
0.005450	0.014081
0.005460	0.013949
0.005470	0.013815
0.005480	0.013626
0.005490	0.013444
0.005500	0.013311
0.005510	0.013280
0.005520	0.013236
0.005530	0.013091
0.005540	0.013021
0.005550	0.013029
0.005560	0.013149
0.005570	0.013113
0.005580	0.013133
0.005590	0.013097
0.005600	0.012962
0.005610	0.012832
0.005620	0.012715
0.005630	0.012764
0.005640	0.012663
0.005650	0.012665
0.005660	0.012565
0.005670	0.012496
0.005680	0.012368
0.005690	0.012301
0.005700	0.012256
0.005710	0.012187
0.005720	0.012213
0.005730	0.012155
0.005740	0.012125
0.005750	0.012036
0.005760	0.011957
0.005770	0.011853
0.005780	0.011829
0.005790	0.011788
0.005800	0.011691
0.005810	0.011597
0.005820	0.011676
0.005830	0.011732
0.005840	0.011740
0.005850	0.011714
0.005860	0.011592
0.005870	0.011453
0.005880	0.011331
0.005890	0.011314
0.005900	0.011342
0.005910	0.011347
0.005920	0.011256
0.005930	0.011110
0.005940	0.010978
0.005950	0.010938
0.005960	0.010805
0.005970	0.010774
0.005980	0.010782
0.005990	0.010706
0.006000	0.010659
0.006010	0.010619
0.006020	0.010647
0.006030	0.010467
0.006040	0.010391
0.006050	0.010347
0.006060	0.010238
0.006070	0.010107
0.006080	0.010002
0.006090	0.009970
0.006100	0.009873
0.006110	0.009831
0.006120	0.009747
0.006130	0.009648
0.006140	0.009509
0.006150	0.009437
0.006160	0.009383
0.006170	0.009346
0.006180	0.009277
0.006190	0.009171
0.006200	0.009069
0.006210	0.008958
0.006220	0.008897
0.006230	0.008845
0.006240	0.008849
0.006250	0.008769
0.006260	0.008749
0.006270	0.008727
0.006280	0.008717
0.006290	0.008698
0.006300	0.008660
0.006310	0.008641
0.006320	0.008485
0.006330	0.008450
0.006340	0.008445
0.006350	0.008434
0.006360	0.008433
0.006370	0.008499
0.006380	0.008473
0.006390	0.008386
0.006400	0.008386
0.006410	0.008373
0.006420	0.008352
0.006430	0.008350
0.006440	0.008518
0.006450	0.008403
0.006460	0.008319
0.006470	0.008295
0.006480	0.008276
0.006490	0.008265
0.006500	0.008257
0.006510	0.008385
0.006520	0.008284
0.006530	0.008220
0.006540	0.008205
0.006550	0.008187
0.006560	0.008165
0.006570	0.008099
0.006580	0.008088
0.006590	0.008061
0.006600	0.007999
0.006610	0.007978
0.006620	0.007949
0.006630	0.007946
0.006640	0.007862
0.006650	0.007830
0.006660	0.007848
0.006670	0.007760
0.006680	0.007709
0.006690	0.007657
0.006700	0.007647
0.006710	0.007564
0.006720	0.007508
0.006730	0.007488
0.006740	0.007401
0.006750	0.007354
0.006760	0.007320
0.006770	0.007266
0.006780	0.007229
0.006790	0.007149
0.006800	0.007109
0.006810	0.007049
0.006820	0.007004
0.006830	0.007011
0.006840	0.006915
0.006850	0.006909
0.006860	0.006814
0.006870	0.006776
0.006880	0.006727
0.006890	0.006668
0.006900	0.006662
0.006910	0.006572
0.006920	0.006557
0.006930	0.006480
0.006940	0.006451
0.006950	0.006389
0.006960	0.006334
0.006970	0.006290
0.006980	0.006257
0.006990	0.006198
0.007000	0.006144
0.007010	0.006108
0.007020	0.006043
0.007030	0.005989
0.007040	0.005939
0.007050	0.005944
0.007060	0.005879
0.007070	0.005860
0.007080	0.005848
0.007090	0.005829
0.007100	0.005812
0.007110	0.005788
0.007120	0.005790
0.007130	0.005730
0.007140	0.005700
0.007150	0.005669
0.007160	0.005641
0.007170	0.005636
0.007180	0.005588
0.007190	0.005577
0.007200	0.005546
0.007210	0.005508
0.007220	0.005467
0.007230	0.005430
0.007240	0.005435
0.007250	0.005374
0.007260	0.005362
0.007270	0.005366
0.007280	0.005333
0.007290	0.005312
0.007300	0.005288
0.007310	0.005289
0.007320	0.005247
0.007330	0.005237
0.007340	0.005230
0.007350	0.005203
0.007360	0.005197
0.007370	0.005189
0.007380	0.005177
0.007390	0.005151
0.007400	0.005132
0.007410	0.005111
0.007420	0.005109
0.007430	0.005113
0.007440	0.005113
0.007450	0.005094
0.007460	0.005076
0.007470	0.005061
0.007480	0.005035
0.007490	0.005020
0.007500	0.005005
0.007510	0.004992
0.007520	0.004976
0.007530	0.004974
0.007540	0.004969
0.007550	0.004960
0.007560	0.004957
0.007570	0.004953
0.007580	0.004952
0.007590	0.004956
0.007600	0.004952
0.007610	0.004947
0.007620	0.004949
0.007630	0.004954
0.007640	0.004959
0.007650	0.004961
0.007660	0.004970
0.007670	0.004959
0.007680	0.004961
0.007690	0.004973
0.007700	0.004981
0.007710	0.004983
0.007720	0.004980
0.007730	0.004982
0.007740	0.004968
0.007750	0.004966
0.007760	0.004965
0.007770	0.004962
0.007780	0.004955
0.007790	0.004946
0.007800	0.004941
0.007810	0.004931
0.007820	0.004924
0.007830	0.004915
0.007840	0.004906
0.007850	0.004907
0.007860	0.004910
0.007870	0.004917
0.007880	0.004920
0.007890	0.004924
0.007900	0.004925
0.007910	0.004925
0.007920	0.004923
0.007930	0.004917
0.007940	0.004911
0.007950	0.004909
0.007960	0.004907
0.007970	0.004905
0.007980	0.004903
0.007990	0.004898
0.008000	0.004886
0.008010	0.004878
0.008020	0.004872
0.008030	0.004863
0.008040	0.004854
0.008050	0.004847
0.008060	0.004834
0.008070	0.004820
0.008080	0.004811
0.008090	0.004794
0.008100	0.004777
0.008110	0.004760
0.008120	0.004747
0.008130	0.004722
0.008140	0.004713
0.008150	0.004709
0.008160	0.004696
0.008170	0.004694
0.008180	0.004700
0.008190	0.004718
0.008200	0.004718
0.008210	0.004725
0.008220	0.004729
0.008230	0.004726
0.008240	0.004731
0.008250	0.004726
0.008260	0.004729
0.008270	0.004722
0.008280	0.004717
0.008290	0.004712
0.008300	0.004705
0.008310	0.004703
0.008320	0.004691
0.008330	0.004680
0.008340	0.004667
0.008350	0.004637
0.008360	0.004610
0.008370	0.004583
0.008380	0.004550
0.008390	0.004515
0.008400	0.004483
0.008410	0.004469
0.008420	0.004433
0.008430	0.004430
0.008440	0.004430
0.008450	0.004424
0.008460	0.004421
0.008470	0.004415
0.008480	0.004412
0.008490	0.004393
0.008500	0.004391
0.008510	0.004375
0.008520	0.004363
0.008530	0.004357
0.008540	0.004339
0.008550	0.004325
0.008560	0.004307
0.008570	0.004298
0.008580	0.004271
0.008590	0.004258
0.008600	0.004250
0.008610	0.004229
0.008620	0.004214
0.008630	0.004203
0.008640	0.004189
0.008650	0.004167
0.008660	0.004153
0.008670	0.004132
0.008680	0.004105
0.008690	0.004080
0.008700	0.004057
0.008710	0.004033
0.008720	0.004018
0.008730	0.004004
0.008740	0.003980
0.008750	0.003955
0.008760	0.003940
0.008770	0.003911
0.008780	0.003886
0.008790	0.003867
0.008800	0.003847
0.008810	0.003822
0.008820	0.003803
0.008830	0.003794
0.008840	0.003771
0.008850	0.003761
0.008860	0.003758
0.008870	0.003756
0.008880	0.003753
0.008890	0.003755
0.008900	0.003755
0.008910	0.003752
0.008920	0.003747
0.008930	0.003754
0.008940	0.003761
0.008950	0.003775
0.008960	0.003786
0.008970	0.003786
0.008980	0.003795
0.008990	0.003798
0.009000	0.003803
0.009010	0.003828
0.009020	0.003866
0.009030	0.003878
0.009040	0.003886
0.009050	0.003946
0.009060	0.004004
0.009070	0.004056
0.009080	0.004101
0.009090	0.004164
0.009100	0.004181
0.009110	0.004191
0.009120	0.004197
0.009130	0.004195
0.009140	0.004174
0.009150	0.004145
0.009160	0.004132
0.009170	0.004096
0.009180	0.004100
0.009190	0.004101
0.009200	0.004121
0.009210	0.004132
0.009220	0.004143
0.009230	0.004151
0.009240	0.004159
0.009250	0.004165
0.009260	0.004143
0.009270	0.004136
0.009280	0.004112
0.009290	0.004072
0.009300	0.004033
0.009310	0.003991
0.009320	0.003940
0.009330	0.003878
0.009340	0.003859
0.009350	0.003855
0.009360	0.003841
0.009370	0.003844
0.009380	0.003815
0.009390	0.003788
0.009400	0.003754
0.009410	0.003745
0.009420	0.003737
0.009430	0.003726
0.009440	0.003731
0.009450	0.003696
0.009460	0.003667
0.009470	0.003628
0.009480	0.003606
0.009490	0.003587
0.009500	0.003606
0.009510	0.003641
0.009520	0.003652
0.009530	0.003676
0.009540	0.003682
0.009550	0.003693
0.009560	0.003668
0.009570	0.003651
0.009580	0.003617
0.009590	0.003571
0.009600	0.003531
0.009610	0.003479
0.009620	0.003444
0.009630	0.003396
0.009640	0.003354
0.009650	0.003316
0.009660	0.003313
0.009670	0.003317
0.009680	0.003321
0.009690	0.003332
0.009700	0.003335
0.009710	0.003314
0.009720	0.003282
0.009730	0.003242
0.009740	0.003186
0.009750	0.003145
0.009760	0.003168
0.009770	0.003199
0.009780	0.003215
0.009790	0.003238
0.009800	0.003231
0.009810	0.003224
0.009820	0.003208
0.009830	0.003199
0.009840	0.003175
0.009850	0.003134
0.009860	0.003108
0.009870	0.003038
0.009880	0.002989
0.009890	0.002924
0.009900	0.002857
0.009910	0.002779
0.009920	0.002709
0.009930	0.002684
0.009940	0.002666
0.009950	0.002667
0.009960	0.002653
0.009970	0.002634
0.009980	0.002600
0.009990	0.002573
