0.000000	1.000000
0.000010	0.844382
0.000020	0.810580
0.000030	0.762027
0.000040	0.707762
0.000050	0.677035
0.000060	0.651108
0.000070	0.635253
0.000080	0.585785
0.000090	0.558501
0.000100	0.575424
0.000110	0.588514
0.000120	0.591939
0.000130	0.624804
0.000140	0.588996
0.000150	0.564045
0.000160	0.544551
0.000170	0.524135
0.000180	0.515642
0.000190	0.522152
0.000200	0.553049
0.000210	0.527142
0.000220	0.514716
0.000230	0.514072
0.000240	0.513563
0.000250	0.503384
0.000260	0.511820
0.000270	0.510261
0.000280	0.503153
0.000290	0.475173
0.000300	0.464378
0.000310	0.454847
0.000320	0.454387
0.000330	0.435906
0.000340	0.420930
0.000350	0.413801
0.000360	0.414013
0.000370	0.403414
0.000380	0.390561
0.000390	0.395673
0.000400	0.409852
0.000410	0.407543
0.000420	0.375026
0.000430	0.357772
0.000440	0.363775
0.000450	0.385584
0.000460	0.386056
0.000470	0.409317
0.000480	0.415075
0.000490	0.414048
0.000500	0.399474
0.000510	0.410303
0.000520	0.409763
0.000530	0.402759
0.000540	0.393899
0.000550	0.383997
0.000560	0.359630
0.000570	0.332398
0.000580	0.311893
0.000590	0.290598
0.000600	0.271476
0.000610	0.293423
0.000620	0.283098
0.000630	0.281499
0.000640	0.301701
0.000650	0.292255
0.000660	0.288456
0.000670	0.287711
0.000680	0.286708
0.000690	0.281681
0.000700	0.267467
0.000710	0.269564
0.000720	0.278395
0.000730	0.274318
0.000740	0.293704
0.000750	0.296081
0.000760	0.288608
0.000770	0.278599
0.000780	0.248949
0.000790	0.239295
0.000800	0.255925
0.000810	0.282195
0.000820	0.278384
0.000830	0.274748
0.000840	0.261983
0.000850	0.242173
0.000860	0.223320
0.000870	0.215497
0.000880	0.219063
0.000890	0.214810
0.000900	0.203890
0.000910	0.207546
0.000920	0.206258
0.000930	0.209038
0.000940	0.209992
0.000950	0.198828
0.000960	0.205607
0.000970	0.200372
0.000980	0.193815
0.000990	0.200084
0.001000	0.212714
0.001010	0.218049
0.001020	0.219450
0.001030	0.208922
0.001040	0.204937
0.001050	0.186806
0.001060	0.183294
0.001070	0.183764
0.001080	0.183945
0.001090	0.193108
0.001100	0.179849
0.001110	0.173222
0.001120	0.166412
0.001130	0.175574
0.001140	0.164650
0.001150	0.155614
0.001160	0.159417
0.001170	0.160319
0.001180	0.156653
0.001190	0.153572
0.001200	0.153277
0.001210	0.147816
0.001220	0.159130
0.001230	0.157258
0.001240	0.158499
0.001250	0.158036
0.001260	0.159981
0.001270	0.160274
0.001280	0.158177
0.001290	0.163937
0.001300	0.161075
0.001310	0.155856
0.001320	0.156043
0.001330	0.160264
0.001340	0.152812
0.001350	0.157422
0.001360	0.158146
0.001370	0.155362
0.001380	0.152974
0.001390	0.146310
0.001400	0.144572
0.001410	0.136725
0.001420	0.133047
0.001430	0.134197
0.001440	0.132211
0.001450	0.137836
0.001460	0.134118
0.001470	0.132898
0.001480	0.134531
0.001490	0.136813
0.001500	0.139599
0.001510	0.138234
0.001520	0.139503
0.001530	0.141480
0.001540	0.141222
0.001550	0.146016
0.001560	0.151278
0.001570	0.153550
0.001580	0.161110
0.001590	0.149907
0.001600	0.147358
0.001610	0.141527
0.001620	0.136722
0.001630	0.141823
0.001640	0.141149
0.001650	0.145493
0.001660	0.141018
0.001670	0.135705
0.001680	0.135950
0.001690	0.136400
0.001700	0.136916
0.001710	0.136849
0.001720	0.134550
0.001730	0.133226
0.001740	0.136723
0.001750	0.133966
0.001760	0.134420
0.001770	0.134032
0.001780	0.134854
0.001790	0.129860
0.001800	0.129004
0.001810	0.130367
0.001820	0.129582
0.001830	0.133326
0.001840	0.132417
0.001850	0.136359
0.001860	0.128695
0.001870	0.124066
0.001880	0.120999
0.001890	0.117283
0.001900	0.117561
0.001910	0.113946
0.001920	0.111891
0.001930	0.107256
0.001940	0.107214
0.001950	0.103337
0.001960	0.102629
0.001970	0.099239
0.001980	0.098964
0.001990	0.096532
0.002000	0.096171
0.002010	0.095507
0.002020	0.092649
0.002030	0.090740
0.002040	0.090626
0.002050	0.092424
0.002060	0.091449
0.002070	0.090883
0.002080	0.091114
0.002090	0.093805
0.002100	0.093565
0.002110	0.093888
0.002120	0.092698
0.002130	0.090902
0.002140	0.089481
0.002150	0.087578
0.002160	0.086276
0.002170	0.084709
0.002180	0.084014
0.002190	0.083383
0.002200	0.083104
0.002210	0.083055
0.002220	0.082810
0.002230	0.079989
0.002240	0.079125
0.002250	0.080234
0.002260	0.081696
0.002270	0.080834
0.002280	0.079276
0.002290	0.078362
0.002300	0.076184
0.002310	0.075984
0.002320	0.075888
0.002330	0.075914
0.002340	0.075036
0.002350	0.074919
0.002360	0.075858
0.002370	0.077064
0.002380	0.078880
0.002390	0.080798
0.002400	0.080287
0.002410	0.079671
0.002420	0.078230
0.002430	0.075849
0.002440	0.074564
0.002450	0.074241
0.002460	0.074310
0.002470	0.073288
0.002480	0.071865
0.002490	0.070977
0.002500	0.070004
0.002510	0.070226
0.002520	0.069995
0.002530	0.069229
0.002540	0.068461
0.002550	0.067716
0.002560	0.067006
0.002570	0.066157
0.002580	0.065969
0.002590	0.066439
0.002600	0.066238
0.002610	0.065596
0.002620	0.064566
0.002630	0.062894
0.002640	0.063673
0.002650	0.064924
0.002660	0.065732
0.002670	0.065661
0.002680	0.064458
0.002690	0.063157
0.002700	0.061828
0.002710	0.061332
0.002720	0.061199
0.002730	0.060771
0.002740	0.059887
0.002750	0.058963
0.002760	0.058595
0.002770	0.058862
0.002780	0.058902
0.002790	0.058738
0.002800	0.058483
0.002810	0.058326
0.002820	0.058114
0.002830	0.057470
0.002840	0.056866
0.002850	0.056866
0.002860	0.057060
0.002870	0.057139
0.002880	0.056640
0.002890	0.056089
0.002900	0.056083
0.002910	0.056608
0.002920	0.057234
0.002930	0.057577
0.002940	0.058097
0.002950	0.057698
0.002960	0.057881
0.002970	0.057543
0.002980	0.057489
0.002990	0.056831
0.003000	0.056226
0.003010	0.055574
0.003020	0.055882
0.003030	0.056627
0.003040	0.055799
0.003050	0.055523
0.003060	0.055317
0.003070	0.055832
0.003080	0.055775
0.003090	0.055600
0.003100	0.055625
0.003110	0.055303
0.003120	0.054664
0.003130	0.054504
0.003140	0.054557
0.003150	0.053845
0.003160	0.053977
0.003170	0.053120
0.003180	0.053399
0.003190	0.052654
0.003200	0.052703
0.003210	0.052698
0.003220	0.052588
0.003230	0.053002
0.003240	0.052586
0.003250	0.052345
0.003260	0.052300
0.003270	0.052353
0.003280	0.052587
0.003290	0.052643
0.003300	0.052904
0.003310	0.053223
0.003320	0.052632
0.003330	0.052808
0.003340	0.052936
0.003350	0.053051
0.003360	0.053002
0.003370	0.053049
0.003380	0.052928
0.003390	0.053011
0.003400	0.052764
0.003410	0.052884
0.003420	0.052887
0.003430	0.053235
0.003440	0.052798
0.003450	0.052100
0.003460	0.052032
0.003470	0.051622
0.003480	0.052294
0.003490	0.051267
0.003500	0.051275
0.003510	0.050754
0.003520	0.050194
0.003530	0.049616
0.003540	0.049323
0.003550	0.049211
0.003560	0.048524
0.003570	0.047919
0.003580	0.047520
0.003590	0.047282
0.003600	0.046483
0.003610	0.046963
0.003620	0.046247
0.003630	0.045925
0.003640	0.045215
0.003650	0.044645
0.003660	0.044228
0.003670	0.043502
0.003680	0.043145
0.003690	0.042441
0.003700	0.041883
0.003710	0.041485
0.003720	0.041391
0.003730	0.040122
0.003740	0.039881
0.003750	0.039458
0.003760	0.038664
0.003770	0.038219
0.003780	0.038255
0.003790	0.038494
0.003800	0.038381
0.003810	0.038042
0.003820	0.037639
0.003830	0.037040
0.003840	0.037207
0.003850	0.037207
0.003860	0.037136
0.003870	0.036637
0.003880	0.036357
0.003890	0.036357
0.003900	0.036264
0.003910	0.036234
0.003920	0.036341
0.003930	0.035844
0.003940	0.036245
0.003950	0.035623
0.003960	0.034855
0.003970	0.034611
0.003980	0.034260
0.003990	0.034451
0.004000	0.033988
0.004010	0.033459
0.004020	0.033214
0.004030	0.033025
0.004040	0.032956
0.004050	0.032661
0.004060	0.032123
0.004070	0.032701
0.004080	0.031433
0.004090	0.031158
0.004100	0.030835
0.004110	0.030721
0.004120	0.031267
0.004130	0.030527
0.004140	0.030611
0.004150	0.029853
0.004160	0.029627
0.004170	0.029578
0.004180	0.029490
0.004190	0.029465
0.004200	0.029814
0.004210	0.029080
0.004220	0.028959
0.004230	0.028985
0.004240	0.028856
0.004250	0.029276
0.004260	0.028328
0.004270	0.028805
0.004280	0.027724
0.004290	0.027671
0.004300	0.027651
0.004310	0.027663
0.004320	0.027566
0.004330	0.027527
0.004340	0.027250
0.004350	0.026884
0.004360	0.027120
0.004370	0.027154
0.004380	0.027268
0.004390	0.027275
0.004400	0.027488
0.004410	0.027417
0.004420	0.027144
0.004430	0.027304
0.004440	0.027524
0.004450	0.027547
0.004460	0.027499
0.004470	0.027941
0.004480	0.027621
0.004490	0.027455
0.004500	0.027523
0.004510	0.027518
0.004520	0.027560
0.004530	0.027625
0.004540	0.027755
0.004550	0.027682
0.004560	0.027586
0.004570	0.027461
0.004580	0.027226
0.004590	0.027011
0.004600	0.026975
0.004610	0.027080
0.004620	0.026618
0.004630	0.026561
0.004640	0.026399
0.004650	0.026461
0.004660	0.026540
0.004670	0.026695
0.004680	0.026835
0.004690	0.026469
0.004700	0.026388
0.004710	0.026416
0.004720	0.026293
0.004730	0.026165
0.004740	0.026238
0.004750	0.025966
0.004760	0.025748
0.004770	0.025478
0.004780	0.025329
0.004790	0.025207
0.004800	0.025102
0.004810	0.025139
0.004820	0.024863
0.004830	0.024616
0.004840	0.024490
0.004850	0.024238
0.004860	0.024184
0.004870	0.024121
0.004880	0.024257
0.004890	0.023979
0.004900	0.023810
0.004910	0.023687
0.004920	0.023565
0.004930	0.023420
0.004940	0.023409
0.004950	0.023354
0.004960	0.023275
0.004970	0.023228
0.004980	0.023172
0.004990	0.023126
0.005000	0.023080
0.005010	0.023083
0.005020	0.022921
0.005030	0.022819
0.005040	0.022761
0.005050	0.022739
0.005060	0.022754
0.005070	0.022736
0.005080	0.022747
0.005090	0.022501
0.005100	0.022323
0.005110	0.022225
0.005120	0.022119
0.005130	0.022005
0.005140	0.021929
0.005150	0.021837
0.005160	0.021741
0.005170	0.021593
0.005180	0.021510
0.005190	0.021436
0.005200	0.021355
0.005210	0.021258
0.005220	0.021111
0.005230	0.020915
0.005240	0.020705
0.005250	0.020489
0.005260	0.020244
0.005270	0.020049
0.005280	0.019856
0.005290	0.019672
0.005300	0.019426
0.005310	0.019309
0.005320	0.019199
0.005330	0.019084
0.005340	0.018913
0.005350	0.018762
0.005360	0.018628
0.005370	0.018496
0.005380	0.018414
0.005390	0.018248
0.005400	0.018111
0.005410	0.017904
0.005420	0.017758
0.005430	0.017586
0.005440	0.017468
0.005450	0.017337
0.005460	0.017263
0.005470	0.017242
0.005480	0.017215
0.005490	0.017232
0.005500	0.017094
0.005510	0.016935
0.005520	0.016864
0.005530	0.016790
0.005540	0.016708
0.005550	0.016709
0.005560	0.016551
0.005570	0.016552
0.005580	0.016451
0.005590	0.016422
0.005600	0.016436
0.005610	0.016325
0.005620	0.016320
0.005630	0.016287
0.005640	0.016200
0.005650	0.016196
0.005660	0.016010
0.005670	0.015912
0.005680	0.015829
0.005690	0.015836
0.005700	0.015973
0.005710	0.015675
0.005720	0.015733
0.005730	0.015640
0.005740	0.015623
0.005750	0.015624
0.005760	0.015557
0.005770	0.015543
0.005780	0.015372
0.005790	0.015181
0.005800	0.015114
0.005810	0.015030
0.005820	0.015024
0.005830	0.015163
0.005840	0.015023
0.005850	0.015014
0.005860	0.014958
0.005870	0.015001
0.005880	0.015051
0.005890	0.015053
0.005900	0.015164
0.005910	0.014971
0.005920	0.014997
0.005930	0.014927
0.005940	0.014881
0.005950	0.014890
0.005960	0.014902
0.005970	0.014958
0.005980	0.014685
0.005990	0.014630
0.006000	0.014588
0.006010	0.014728
0.006020	0.014723
0.006030	0.014815
0.006040	0.014807
0.006050	0.014886
0.006060	0.014778
0.006070	0.014738
0.006080	0.014768
0.006090	0.014627
0.006100	0.014820
0.006110	0.014558
0.006120	0.014657
0.006130	0.014685
0.006140	0.014769
0.006150	0.014784
0.006160	0.014831
0.006170	0.014916
0.006180	0.014863
0.006190	0.014965
0.006200	0.014884
0.006210	0.015229
0.006220	0.014923
0.006230	0.015062
0.006240	0.014968
0.006250	0.015092
0.006260	0.015034
0.006270	0.014968
0.006280	0.014977
0.006290	0.015055
0.006300	0.015088
0.006310	0.015000
0.006320	0.014991
0.006330	0.014993
0.006340	0.015055
0.006350	0.014947
0.006360	0.014967
0.006370	0.014932
0.006380	0.015001
0.006390	0.015012
0.006400	0.014951
0.006410	0.014995
0.006420	0.015088
0.006430	0.015047
0.006440	0.014964
0.006450	0.014944
0.006460	0.014972
0.006470	0.014910
0.006480	0.014897
0.006490	0.014901
0.006500	0.014817
0.006510	0.014885
0.006520	0.014822
0.006530	0.014942
0.006540	0.014782
0.006550	0.014738
0.006560	0.014756
0.006570	0.014615
0.006580	0.014627
0.006590	0.014528
0.006600	0.014423
0.006610	0.014403
0.006620	0.014331
0.006630	0.014192
0.006640	0.014127
0.006650	0.014037
0.006660	0.014192
0.006670	0.013904
0.006680	0.013832
0.006690	0.013821
0.006700	0.013687
0.006710	0.013653
0.006720	0.013499
0.006730	0.013435
0.006740	0.013435
0.006750	0.013231
0.006760	0.013207
0.006770	0.013019
0.006780	0.012915
0.006790	0.012923
0.006800	0.012771
0.006810	0.012615
0.006820	0.012569
0.006830	0.012463
0.006840	0.012337
0.006850	0.012198
0.006860	0.012135
0.006870	0.012026
0.006880	0.011908
0.006890	0.011872
0.006900	0.011804
0.006910	0.011683
0.006920	0.011629
0.006930	0.011564
0.006940	0.011493
0.006950	0.011373
0.006960	0.011369
0.006970	0.011284
0.006980	0.011166
0.006990	0.011061
0.007000	0.011009
0.007010	0.010921
0.007020	0.010917
0.007030	0.010931
0.007040	0.010850
0.007050	0.010863
0.007060	0.010899
0.007070	0.010884
0.007080	0.010830
0.007090	0.010804
0.007100	0.010814
0.007110	0.010683
0.007120	0.010634
0.007130	0.010600
0.007140	0.010554
0.007150	0.010509
0.007160	0.010483
0.007170	0.010473
0.007180	0.010401
0.007190	0.010364
0.007200	0.010327
0.007210	0.010294
0.007220	0.010260
0.007230	0.010288
0.007240	0.010161
0.007250	0.010104
0.007260	0.010041
0.007270	0.010014
0.007280	0.009959
0.007290	0.009900
0.007300	0.009907
0.007310	0.009791
0.007320	0.009738
0.007330	0.009702
0.007340	0.009655
0.007350	0.009597
0.007360	0.009515
0.007370	0.009444
0.007380	0.009377
0.007390	0.009310
0.007400	0.009257
0.007410	0.009206
0.007420	0.009146
0.007430	0.009139
0.007440	0.009062
0.007450	0.009006
0.007460	0.008964
0.007470	0.008938
0.007480	0.008899
0.007490	0.008857
0.007500	0.008833
0.007510	0.008786
0.007520	0.008733
0.007530	0.008700
0.007540	0.008681
0.007550	0.008712
0.007560	0.008718
0.007570	0.008729
0.007580	0.008734
0.007590	0.008751
0.007600	0.008772
0.007610	0.008785
0.007620	0.008797
0.007630	0.008800
0.007640	0.008803
0.007650	0.008792
0.007660	0.008791
0.007670	0.008792
0.007680	0.008804
0.007690	0.008805
0.007700	0.008808
0.007710	0.008813
0.007720	0.008806
0.007730	0.008800
0.007740	0.008788
0.007750	0.008773
0.007760	0.008744
0.007770	0.008721
0.007780	0.008700
0.007790	0.008683
0.007800	0.008663
0.007810	0.008641
0.007820	0.008618
0.007830	0.008587
0.007840	0.008557
0.007850	0.008522
0.007860	0.008490
0.007870	0.008459
0.007880	0.008430
0.007890	0.008392
0.007900	0.008356
0.007910	0.008320
0.007920	0.008278
0.007930	0.008238
0.007940	0.008196
0.007950	0.008159
0.007960	0.008118
0.007970	0.008081
0.007980	0.008041
0.007990	0.008001
0.008000	0.007952
0.008010	0.007909
0.008020	0.007865
0.008030	0.007816
0.008040	0.007779
0.008050	0.007725
0.008060	0.007685
0.008070	0.007635
0.008080	0.007599
0.008090	0.007568
0.008100	0.007536
0.008110	0.007513
0.008120	0.007473
0.008130	0.007435
0.008140	0.007400
0.008150	0.007362
0.008160	0.007328
0.008170	0.007289
0.008180	0.007250
0.008190	0.007236
0.008200	0.007186
0.008210	0.007155
0.008220	0.007120
0.008230	0.007084
0.008240	0.007053
0.008250	0.007007
0.008260	0.006970
0.008270	0.006927
0.008280	0.006877
0.008290	0.006838
0.008300	0.006797
0.008310	0.006759
0.008320	0.006738
0.008330	0.006682
0.008340	0.006647
0.008350	0.006606
0.008360	0.006574
0.008370	0.006530
0.008380	0.006483
0.008390	0.006448
0.008400	0.006400
0.008410	0.006354
0.008420	0.006309
0.008430	0.006279
0.008440	0.006244
0.008450	0.006221
0.008460	0.006188
0.008470	0.006161
0.008480	0.006131
0.008490	0.006107
0.008500	0.006079
0.008510	0.006057
0.008520	0.006039
0.008530	0.006011
0.008540	0.005995
0.008550	0.005976
0.008560	0.005964
0.008570	0.005939
0.008580	0.005922
0.008590	0.005909
0.008600	0.005891
0.008610	0.005870
0.008620	0.005861
0.008630	0.005862
0.008640	0.005867
0.008650	0.005869
0.008660	0.005872
0.008670	0.005874
0.008680	0.005882
0.008690	0.005880
0.008700	0.005877
0.008710	0.005875
0.008720	0.005878
0.008730	0.005875
0.008740	0.005871
0.008750	0.005867
0.008760	0.005859
0.008770	0.005853
0.008780	0.005844
0.008790	0.005835
0.008800	0.005827
0.008810	0.005816
0.008820	0.005803
0.008830	0.005790
0.008840	0.005775
0.008850	0.005761
0.008860	0.005745
0.008870	0.005728
0.008880	0.005712
0.008890	0.005689
0.008900	0.005669
0.008910	0.005647
0.008920	0.005624
0.008930	0.005603
0.008940	0.005580
0.008950	0.005556
0.008960	0.005531
0.008970	0.005507
0.008980	0.005481
0.008990	0.005454
0.009000	0.005429
0.009010	0.005420
0.009020	0.005410
0.009030	0.005398
0.009040	0.005389
0.009050	0.005377
0.009060	0.005364
0.009070	0.005349
0.009080	0.005332
0.009090	0.005309
0.009100	0.005289
0.009110	0.005272
0.009120	0.005254
0.009130	0.005239
0.009140	0.005219
0.009150	0.005210
0.009160	0.005185
0.009170	0.005171
0.009180	0.005153
0.009190	0.005133
0.009200	0.005112
0.009210	0.005084
0.009220	0.005084
0.009230	0.005092
0.009240	0.005101
0.009250	0.005104
0.009260	0.005105
0.009270	0.005099
0.009280	0.005096
0.009290	0.005073
0.009300	0.005049
0.009310	0.005034
0.009320	0.005037
0.009330	0.005063
0.009340	0.005083
0.009350	0.005121
0.009360	0.005146
0.009370	0.005165
0.009380	0.005179
0.009390	0.005186
0.009400	0.005181
0.009410	0.005176
0.009420	0.005158
0.009430	0.005131
0.009440	0.005104
0.009450	0.005090
0.009460	0.005066
0.009470	0.005042
0.009480	0.005021
0.009490	0.005005
0.009500	0.004965
0.009510	0.004945
0.009520	0.004927
0.009530	0.004897
0.009540	0.004880
0.009550	0.004882
0.009560	0.004892
0.009570	0.004876
0.009580	0.004870
0.009590	0.004866
0.009600	0.004857
0.009610	0.004844
0.009620	0.004841
0.009630	0.004821
0.009640	0.004818
0.009650	0.004819
0.009660	0.004806
0.009670	0.004794
0.009680	0.004797
0.009690	0.004814
0.009700	0.004784
0.009710	0.004767
0.009720	0.004757
0.009730	0.004745
0.009740	0.004738
0.009750	0.004734
0.009760	0.004729
0.009770	0.004713
0.009780	0.004695
0.009790	0.004684
0.009800	0.004659
0.009810	0.004636
0.009820	0.004630
0.009830	0.004589
0.009840	0.004572
0.009850	0.004542
0.009860	0.004518
0.009870	0.004497
0.009880	0.004486
0.009890	0.004486
0.009900	0.004480
0.009910	0.004459
0.009920	0.004447
0.009930	0.004427
0.009940	0.004403
0.009950	0.004381
0.009960	0.004350
0.009970	0.004317
0.009980	0.004266
0.009990	0.004232
