0.000000	1.000000
0.000020	0.810480
0.000040	0.708614
0.000060	0.669719
0.000080	0.590506
0.000100	0.555226
0.000120	0.573079
0.000140	0.574302
0.000160	0.559454
0.000180	0.542171
0.000200	0.561395
0.000220	0.527470
0.000240	0.502788
0.000260	0.511201
0.000280	0.479091
0.000300	0.436252
0.000320	0.456986
0.000340	0.470976
0.000360	0.433911
0.000380	0.428018
0.000400	0.411678
0.000420	0.373509
0.000440	0.381574
0.000460	0.370033
0.000480	0.374137
0.000500	0.344125
0.000520	0.337489
0.000540	0.327042
0.000560	0.298808
0.000580	0.305004
0.000600	0.327327
0.000620	0.295917
0.000640	0.280528
0.000660	0.288319
0.000680	0.280346
0.000700	0.289696
0.000720	0.277804
0.000740	0.291215
0.000760	0.268454
0.000780	0.251735
0.000800	0.254066
0.000820	0.242914
0.000840	0.226112
0.000860	0.225160
0.000880	0.217032
0.000900	0.214664
0.000920	0.229903
0.000940	0.217271
0.000960	0.195673
0.000980	0.196930
0.001000	0.202148
0.001020	0.204092
0.001040	0.189969
0.001060	0.174015
0.001080	0.169359
0.001100	0.163518
0.001120	0.168757
0.001140	0.167674
0.001160	0.151106
0.001180	0.160164
0.001200	0.163119
0.001220	0.172035
0.001240	0.159444
0.001260	0.156981
0.001280	0.154062
0.001300	0.153973
0.001320	0.148207
0.001340	0.147489
0.001360	0.149462
0.001380	0.138804
0.001400	0.144435
0.001420	0.147415
0.001440	0.131338
0.001460	0.135048
0.001480	0.136374
0.001500	0.136827
0.001520	0.137536
0.001540	0.138232
0.001560	0.148522
0.001580	0.146116
0.001600	0.141231
0.001620	0.143932
0.001640	0.133970
0.001660	0.135531
0.001680	0.138243
0.001700	0.135011
0.001720	0.135506
0.001740	0.136751
0.001760	0.132249
0.001780	0.129106
0.001800	0.123036
0.001820	0.131522
0.001840	0.130289
0.001860	0.123703
0.001880	0.114955
0.001900	0.113485
0.001920	0.109647
0.001940	0.107652
0.001960	0.106801
0.001980	0.101365
0.002000	0.101089
0.002020	0.096398
0.002040	0.091696
0.002060	0.093490
0.002080	0.089745
0.002100	0.090098
0.002120	0.087793
0.002140	0.082687
0.002160	0.087219
0.002180	0.085516
0.002200	0.080718
0.002220	0.081383
0.002240	0.081131
0.002260	0.082060
0.002280	0.080293
0.002300	0.077365
0.002320	0.080055
0.002340	0.080315
0.002360	0.076875
0.002380	0.074375
0.002400	0.072876
0.002420	0.074304
0.002440	0.074711
0.002460	0.071031
0.002480	0.072950
0.002500	0.072729
0.002520	0.069466
0.002540	0.069639
0.002560	0.067821
0.002580	0.067629
0.002600	0.068006
0.002620	0.065289
0.002640	0.061824
0.002660	0.062253
0.002680	0.061918
0.002700	0.062585
0.002720	0.061078
0.002740	0.059519
0.002760	0.060804
0.002780	0.059943
0.002800	0.057850
0.002820	0.058087
0.002840	0.058604
0.002860	0.059028
0.002880	0.058115
0.002900	0.056167
0.002920	0.057543
0.002940	0.057264
0.002960	0.057374
0.002980	0.058229
0.003000	0.057641
0.003020	0.056568
0.003040	0.057526
0.003060	0.056419
0.003080	0.056237
0.003100	0.055616
0.003120	0.055424
0.003140	0.055252
0.003160	0.054814
0.003180	0.054636
0.003200	0.053665
0.003220	0.053086
0.003240	0.054034
0.003260	0.053631
0.003280	0.053480
0.003300	0.053709
0.003320	0.054135
0.003340	0.053322
0.003360	0.053549
0.003380	0.053719
0.003400	0.053658
0.003420	0.053292
0.003440	0.053170
0.003460	0.052504
0.003480	0.052046
0.003500	0.051165
0.003520	0.051525
0.003540	0.049974
0.003560	0.049376
0.003580	0.049029
0.003600	0.047304
0.003620	0.046223
0.003640	0.045606
0.003660	0.043829
0.003680	0.043066
0.003700	0.041832
0.003720	0.041424
0.003740	0.040345
0.003760	0.039255
0.003780	0.039158
0.003800	0.038459
0.003820	0.038282
0.003840	0.038591
0.003860	0.038106
0.003880	0.037788
0.003900	0.037671
0.003920	0.037562
0.003940	0.036317
0.003960	0.035659
0.003980	0.035302
0.004000	0.034918
0.004020	0.034608
0.004040	0.033558
0.004060	0.033215
0.004080	0.032794
0.004100	0.032679
0.004120	0.032480
0.004140	0.031228
0.004160	0.031648
0.004180	0.031560
0.004200	0.030409
0.004220	0.029749
0.004240	0.029332
0.004260	0.028999
0.004280	0.028484
0.004300	0.027881
0.004320	0.027751
0.004340	0.027436
0.004360	0.027160
0.004380	0.027464
0.004400	0.027376
0.004420	0.027773
0.004440	0.028134
0.004460	0.028135
0.004480	0.027787
0.004500	0.028051
0.004520	0.028052
0.004540	0.028201
0.004560	0.027994
0.004580	0.028041
0.004600	0.028052
0.004620	0.027751
0.004640	0.027423
0.004660	0.027531
0.004680	0.027369
0.004700	0.027340
0.004720	0.027130
0.004740	0.026957
0.004760	0.026804
0.004780	0.026624
0.004800	0.026352
0.004820	0.026122
0.004840	0.025729
0.004860	0.025518
0.004880	0.025112
0.004900	0.024841
0.004920	0.024572
0.004940	0.024410
0.004960	0.024312
0.004980	0.024370
0.005000	0.024468
0.005020	0.024478
0.005040	0.024452
0.005060	0.024291
0.005080	0.024136
0.005100	0.024032
0.005120	0.023656
0.005140	0.023480
0.005160	0.023220
0.005180	0.022950
0.005200	0.022717
0.005220	0.022468
0.005240	0.022328
0.005260	0.022027
0.005280	0.021677
0.005300	0.021471
0.005320	0.021058
0.005340	0.020681
0.005360	0.020409
0.005380	0.020031
0.005400	0.019633
0.005420	0.019267
0.005440	0.018873
0.005460	0.018760
0.005480	0.018617
0.005500	0.018314
0.005520	0.018166
0.005540	0.018175
0.005560	0.018118
0.005580	0.018146
0.005600	0.018030
0.005620	0.017900
0.005640	0.017850
0.005660	0.017667
0.005680	0.017708
0.005700	0.017616
0.005720	0.017473
0.005740	0.017552
0.005760	0.017268
0.005780	0.016945
0.005800	0.016752
0.005820	0.016553
0.005840	0.016548
0.005860	0.016358
0.005880	0.016243
0.005900	0.016167
0.005920	0.015949
0.005940	0.015910
0.005960	0.015853
0.005980	0.015729
0.006000	0.015887
0.006020	0.015947
0.006040	0.015900
0.006060	0.015775
0.006080	0.015918
0.006100	0.015668
0.006120	0.015617
0.006140	0.015589
0.006160	0.015554
0.006180	0.015540
0.006200	0.015525
0.006220	0.015646
0.006240	0.015597
0.006260	0.015553
0.006280	0.015663
0.006300	0.015595
0.006320	0.015577
0.006340	0.015622
0.006360	0.015671
0.006380	0.015506
0.006400	0.015545
0.006420	0.015587
0.006440	0.015562
0.006460	0.015516
0.006480	0.015504
0.006500	0.015393
0.006520	0.015373
0.006540	0.015260
0.006560	0.015257
0.006580	0.015077
0.006600	0.015015
0.006620	0.014898
0.006640	0.014728
0.006660	0.014566
0.006680	0.014461
0.006700	0.014272
0.006720	0.014110
0.006740	0.013964
0.006760	0.013988
0.006780	0.013667
0.006800	0.013515
0.006820	0.013423
0.006840	0.013167
0.006860	0.013007
0.006880	0.012860
0.006900	0.012654
0.006920	0.012499
0.006940	0.012320
0.006960	0.012243
0.006980	0.012000
0.007000	0.011920
0.007020	0.011880
0.007040	0.011856
0.007060	0.011840
0.007080	0.011842
0.007100	0.011873
0.007120	0.011790
0.007140	0.011744
0.007160	0.011785
0.007180	0.011629
0.007200	0.011587
0.007220	0.011558
0.007240	0.011490
0.007260	0.011472
0.007280	0.011445
0.007300	0.011458
0.007320	0.011393
0.007340	0.011347
0.007360	0.011342
0.007380	0.011244
0.007400	0.011165
0.007420	0.011129
0.007440	0.011069
0.007460	0.010973
0.007480	0.010888
0.007500	0.010824
0.007520	0.010751
0.007540	0.010670
0.007560	0.010656
0.007580	0.010646
0.007600	0.010614
0.007620	0.010622
0.007640	0.010637
0.007660	0.010648
0.007680	0.010671
0.007700	0.010712
0.007720	0.010710
0.007740	0.010715
0.007760	0.010708
0.007780	0.010671
0.007800	0.010631
0.007820	0.010573
0.007840	0.010513
0.007860	0.010450
0.007880	0.010378
0.007900	0.010321
0.007920	0.010223
0.007940	0.010118
0.007960	0.010020
0.007980	0.009904
0.008000	0.009774
0.008020	0.009645
0.008040	0.009513
0.008060	0.009358
0.008080	0.009209
0.008100	0.009059
0.008120	0.008892
0.008140	0.008734
0.008160	0.008591
0.008180	0.008498
0.008200	0.008392
0.008220	0.008322
0.008240	0.008255
0.008260	0.008187
0.008280	0.008109
0.008300	0.008037
0.008320	0.007944
0.008340	0.007844
0.008360	0.007748
0.008380	0.007674
0.008400	0.007550
0.008420	0.007440
0.008440	0.007357
0.008460	0.007271
0.008480	0.007199
0.008500	0.007132
0.008520	0.007055
0.008540	0.006981
0.008560	0.006924
0.008580	0.006862
0.008600	0.006786
0.008620	0.006723
0.008640	0.006661
0.008660	0.006601
0.008680	0.006538
0.008700	0.006478
0.008720	0.006418
0.008740	0.006358
0.008760	0.006311
0.008780	0.006312
0.008800	0.006276
0.008820	0.006257
0.008840	0.006231
0.008860	0.006199
0.008880	0.006169
0.008900	0.006123
0.008920	0.006076
0.008940	0.006013
0.008960	0.005957
0.008980	0.005910
0.009000	0.005847
0.009020	0.005828
0.009040	0.005808
0.009060	0.005783
0.009080	0.005781
0.009100	0.005762
0.009120	0.005751
0.009140	0.005699
0.009160	0.005643
0.009180	0.005589
0.009200	0.005493
0.009220	0.005434
0.009240	0.005399
0.009260	0.005374
0.009280	0.005331
0.009300	0.005304
0.009320	0.005297
0.009340	0.005276
0.009360	0.005248
0.009380	0.005221
0.009400	0.005190
0.009420	0.005109
0.009440	0.005055
0.009460	0.005038
0.009480	0.005018
0.009500	0.004944
0.009520	0.004889
0.009540	0.004872
0.009560	0.004864
0.009580	0.004865
0.009600	0.004875
0.009620	0.004842
0.009640	0.004816
0.009660	0.004794
0.009680	0.004765
0.009700	0.004756
0.009720	0.004764
0.009740	0.004759
0.009760	0.004745
0.009780	0.004730
0.009800	0.004705
0.009820	0.004657
0.009840	0.004630
0.009860	0.004604
0.009880	0.004560
0.009900	0.004549
0.009920	0.004561
0.009940	0.004534
0.009960	0.004514
0.009980	0.004481
0.010000	0.004468
0.010020	0.004387
0.010040	0.004337
0.010060	0.004306
0.010080	0.004253
0.010100	0.004174
0.010120	0.004118
0.010140	0.004032
0.010160	0.003926
0.010180	0.003908
0.010200	0.003895
0.010220	0.003864
0.010240	0.003856
0.010260	0.003863
0.010280	0.003886
0.010300	0.003895
0.010320	0.003898
0.010340	0.003920
0.010360	0.003900
0.010380	0.003871
0.010400	0.003864
0.010420	0.003824
0.010440	0.003805
0.010460	0.003782
0.010480	0.003731
0.010500	0.003702
0.010520	0.003653
0.010540	0.003571
0.010560	0.003505
0.010580	0.003427
0.010600	0.003370
0.010620	0.003300
0.010640	0.003186
0.010660	0.003096
0.010680	0.003017
0.010700	0.002934
0.010720	0.002846
0.010740	0.002769
0.010760	0.002711
0.010780	0.002683
0.010800	0.002642
0.010820	0.002608
0.010840	0.002597
0.010860	0.002581
0.010880	0.002585
0.010900	0.002573
0.010920	0.002573
0.010940	0.002608
0.010960	0.002604
0.010980	0.002606
0.011000	0.002621
0.011020	0.002612
0.011040	0.002633
0.011060	0.002647
0.011080	0.002651
0.011100	0.002666
0.011120	0.002682
0.011140	0.002692
0.011160	0.002671
0.011180	0.002683
0.011200	0.002675
0.011220	0.002676
0.011240	0.002610
0.011260	0.002597
0.011280	0.002574
0.011300	0.002540
0.011320	0.002519
0.011340	0.002516
0.011360	0.002480
0.011380	0.002457
0.011400	0.002443
0.011420	0.002433
0.011440	0.002414
0.011460	0.002389
0.011480	0.002379
0.011500	0.002367
0.011520	0.002363
0.011540	0.002388
0.011560	0.002350
0.011580	0.002327
0.011600	0.002307
0.011620	0.002293
0.011640	0.002261
0.011660	0.002249
0.011680	0.002229
0.011700	0.002213
0.011720	0.002187
0.011740	0.002193
0.011760	0.002126
0.011780	0.002098
0.011800	0.002056
0.011820	0.002026
0.011840	0.001951
0.011860	0.001890
0.011880	0.001827
0.011900	0.001757
0.011920	0.001710
0.011940	0.001675
0.011960	0.001634
0.011980	0.001585
0.012000	0.001559
0.012020	0.001538
0.012040	0.001512
0.012060	0.001512
0.012080	0.001507
0.012100	0.001467
0.012120	0.001444
0.012140	0.001448
0.012160	0.001419
0.012180	0.001406
0.012200	0.001377
0.012220	0.001320
0.012240	0.001263
0.012260	0.001241
0.012280	0.001234
0.012300	0.001242
0.012320	0.001228
0.012340	0.001227
0.012360	0.001179
0.012380	0.001121
0.012400	0.001112
0.012420	0.001076
0.012440	0.001051
0.012460	0.001024
0.012480	0.000999
0.012500	0.001001
0.012520	0.001011
0.012540	0.001014
0.012560	0.001015
0.012580	0.001007
0.012600	0.001036
0.012620	0.001064
0.012640	0.001078
0.012660	0.001101
0.012680	0.001105
0.012700	0.001107
0.012720	0.001119
0.012740	0.001150
0.012760	0.001180
0.012780	0.001193
0.012800	0.001205
0.012820	0.001224
0.012840	0.001254
0.012860	0.001288
0.012880	0.001316
0.012900	0.001338
0.012920	0.001346
0.012940	0.001341
0.012960	0.001326
0.012980	0.001350
0.013000	0.001384
0.013020	0.001405
0.013040	0.001419
0.013060	0.001413
0.013080	0.001389
0.013100	0.001372
0.013120	0.001393
0.013140	0.001416
0.013160	0.001411
0.013180	0.001371
0.013200	0.001317
0.013220	0.001266
0.013240	0.001226
0.013260	0.001185
0.013280	0.001166
0.013300	0.001169
0.013320	0.001165
0.013340	0.001154
0.013360	0.001156
0.013380	0.001104
0.013400	0.001062
0.013420	0.001015
0.013440	0.000967
0.013460	0.000932
0.013480	0.000943
0.013500	0.000957
0.013520	0.000974
0.013540	0.000966
0.013560	0.001001
0.013580	0.000990
0.013600	0.001003
0.013620	0.001028
0.013640	0.001041
0.013660	0.001063
0.013680	0.001091
0.013700	0.001132
0.013720	0.001139
0.013740	0.001155
0.013760	0.001208
0.013780	0.001238
0.013800	0.001263
0.013820	0.001300
0.013840	0.001328
0.013860	0.001331
0.013880	0.001335
0.013900	0.001315
0.013920	0.001295
0.013940	0.001259
0.013960	0.001238
0.013980	0.001242
0.014000	0.001240
0.014020	0.001264
0.014040	0.001256
0.014060	0.001232
0.014080	0.001285
0.014100	0.001322
0.014120	0.001333
0.014140	0.001321
0.014160	0.001327
0.014180	0.001336
0.014200	0.001311
0.014220	0.001323
0.014240	0.001225
0.014260	0.001312
0.014280	0.001361
0.014300	0.001390
0.014320	0.001392
0.014340	0.001359
0.014360	0.001360
0.014380	0.001341
0.014400	0.001281
0.014420	0.001256
0.014440	0.001218
0.014460	0.001192
0.014480	0.001158
0.014500	0.001097
0.014520	0.001058
0.014540	0.000993
0.014560	0.000949
0.014580	0.000986
0.014600	0.000875
0.014620	0.000859
0.014640	0.000844
0.014660	0.000801
0.014680	0.000767
0.014700	0.000739
0.014720	0.000740
0.014740	0.000734
0.014760	0.000685
0.014780	0.000740
0.014800	0.000683
0.014820	0.000690
0.014840	0.000679
0.014860	0.000680
0.014880	0.000663
0.014900	0.000659
0.014920	0.000684
0.014940	0.000663
0.014960	0.000668
0.014980	0.000711
0.015000	0.000677
0.015020	0.000672
0.015040	0.000662
0.015060	0.000689
0.015080	0.000657
0.015100	0.000655
0.015120	0.000674
0.015140	0.000676
0.015160	0.000654
0.015180	0.000670
0.015200	0.000656
0.015220	0.000664
0.015240	0.000681
0.015260	0.000683
0.015280	0.000653
0.015300	0.000679
0.015320	0.000715
0.015340	0.000702
0.015360	0.000716
0.015380	0.000756
0.015400	0.000750
0.015420	0.000747
0.015440	0.000773
0.015460	0.000780
0.015480	0.000792
0.015500	0.000788
0.015520	0.000806
0.015540	0.000809
0.015560	0.000796
0.015580	0.000808
0.015600	0.000814
0.015620	0.000800
0.015640	0.000801
0.015660	0.000814
0.015680	0.000772
0.015700	0.000764
0.015720	0.000761
0.015740	0.000741
0.015760	0.000722
0.015780	0.000689
0.015800	0.000696
0.015820	0.000658
0.015840	0.000649
0.015860	0.000636
0.015880	0.000592
0.015900	0.000567
0.015920	0.000538
0.015940	0.000533
0.015960	0.000513
0.015980	0.000495
0.016000	0.000507
0.016020	0.000473
0.016040	0.000474
0.016060	0.000467
0.016080	0.000463
0.016100	0.000456
0.016120	0.000451
0.016140	0.000466
0.016160	0.000459
0.016180	0.000461
0.016200	0.000471
0.016220	0.000463
0.016240	0.000469
0.016260	0.000471
0.016280	0.000475
0.016300	0.000463
0.016320	0.000464
0.016340	0.000488
0.016360	0.000487
0.016380	0.000457
0.016400	0.000463
0.016420	0.000449
0.016440	0.000448
0.016460	0.000438
0.016480	0.000435
0.016500	0.000413
0.016520	0.000406
0.016540	0.000406
0.016560	0.000397
0.016580	0.000387
0.016600	0.000388
0.016620	0.000370
0.016640	0.000372
0.016660	0.000357
0.016680	0.000369
0.016700	0.000352
0.016720	0.000348
0.016740	0.000354
0.016760	0.000348
0.016780	0.000338
0.016800	0.000332
0.016820	0.000328
0.016840	0.000325
0.016860	0.000318
0.016880	0.000330
0.016900	0.000307
0.016920	0.000302
0.016940	0.000306
0.016960	0.000292
0.016980	0.000276
0.017000	0.000267
0.017020	0.000257
0.017040	0.000249
0.017060	0.000238
0.017080	0.000239
0.017100	0.000217
0.017120	0.000204
0.017140	0.000195
0.017160	0.000190
0.017180	0.000181
0.017200	0.000173
0.017220	0.000170
0.017240	0.000162
0.017260	0.000159
0.017280	0.000158
0.017300	0.000151
0.017320	0.000148
0.017340	0.000148
0.017360	0.000148
0.017380	0.000147
0.017400	0.000142
0.017420	0.000143
0.017440	0.000143
0.017460	0.000141
0.017480	0.000143
0.017500	0.000139
0.017520	0.000137
0.017540	0.000137
0.017560	0.000138
0.017580	0.000136
0.017600	0.000131
0.017620	0.000130
0.017640	0.000127
0.017660	0.000125
0.017680	0.000123
0.017700	0.000119
0.017720	0.000117
0.017740	0.000116
0.017760	0.000115
0.017780	0.000115
0.017800	0.000112
0.017820	0.000110
0.017840	0.000107
0.017860	0.000105
0.017880	0.000102
0.017900	0.000100
0.017920	0.000097
0.017940	0.000094
0.017960	0.000092
0.017980	0.000088
0.018000	0.000084
0.018020	0.000080
0.018040	0.000078
0.018060	0.000076
0.018080	0.000073
0.018100	0.000071
0.018120	0.000068
0.018140	0.000065
0.018160	0.000062
0.018180	0.000058
0.018200	0.000055
0.018220	0.000052
0.018240	0.000050
0.018260	0.000049
0.018280	0.000048
0.018300	0.000049
0.018320	0.000049
0.018340	0.000050
0.018360	0.000052
0.018380	0.000053
0.018400	0.000054
0.018420	0.000054
0.018440	0.000055
0.018460	0.000055
0.018480	0.000055
0.018500	0.000056
0.018520	0.000056
0.018540	0.000057
0.018560	0.000057
0.018580	0.000057
0.018600	0.000057
0.018620	0.000057
0.018640	0.000057
0.018660	0.000057
0.018680	0.000056
0.018700	0.000057
0.018720	0.000056
0.018740	0.000056
0.018760	0.000056
0.018780	0.000054
0.018800	0.000055
0.018820	0.000056
0.018840	0.000059
0.018860	0.000059
0.018880	0.000058
0.018900	0.000058
0.018920	0.000055
0.018940	0.000054
0.018960	0.000053
0.018980	0.000052
0.019000	0.000051
0.019020	0.000048
0.019040	0.000048
0.019060	0.000049
0.019080	0.000050
0.019100	0.000051
0.019120	0.000050
0.019140	0.000048
0.019160	0.000046
0.019180	0.000044
0.019200	0.000042
0.019220	0.000042
0.019240	0.000041
0.019260	0.000039
0.019280	0.000037
0.019300	0.000036
0.019320	0.000035
0.019340	0.000033
0.019360	0.000031
0.019380	0.000031
0.019400	0.000031
0.019420	0.000028
0.019440	0.000028
0.019460	0.000027
0.019480	0.000026
0.019500	0.000026
0.019520	0.000027
0.019540	0.000025
0.019560	0.000024
0.019580	0.000025
0.019600	0.000024
0.019620	0.000023
0.019640	0.000023
0.019660	0.000022
0.019680	0.000022
0.019700	0.000021
0.019720	0.000022
0.019740	0.000021
0.019760	0.000021
0.019780	0.000021
0.019800	0.000021
0.019820	0.000021
0.019840	0.000021
0.019860	0.000021
0.019880	0.000021
0.019900	0.000021
0.019920	0.000023
0.019940	0.000021
0.019960	0.000021
0.019980	0.000021
