-8.211597381861664382e-07 -4.776255451344593598e-28
4.905682740833153424e-07 6.152203659368030529e-12
6.795945815282624278e-07 2.013540001079529023e-11
5.049360352806950836e+00 4.587514453231926233e-18
5.049360737815079325e+00 4.589093212975409997e-18
6.037956321763334522e+00 4.415779072741398206e-18
6.037956784100407148e+00 4.415576812038321158e-18
6.668039097335053178e+00 4.214281138024203086e-18
7.234247203702699025e+00 2.724165553515507298e-17
7.234247436098677930e+00 2.724336542032260658e-17
7.773602876424282826e+00 1.706762189444305733e-18
7.995289296153647918e+00 4.533084043339187178e-17
7.995289544097246015e+00 4.532984588769617726e-17
9.396765193219373202e+00 1.889694082687884383e-16
9.396765638372238882e+00 1.889662391407704622e-16
9.808653137861854887e+00 3.800118070636343240e-17
9.986040277261713172e+00 1.281300807147243084e-15
9.986040398369478766e+00 1.281361651173688039e-15
1.007555542321234121e+01 1.308505676367181911e-16
1.007555563924240971e+01 1.308437241718577334e-16
1.023604040259831827e+01 6.457131532238630501e-17
1.046144046671386718e+01 8.184945211499111903e-16
1.046144106243313843e+01 8.184651012360781431e-16
1.049396794513008224e+01 1.895791734943096623e-17
1.064353785038198730e+01 4.345092463828427065e-18
1.064353794203110404e+01 4.342619393089112774e-18
1.070254708512853803e+01 1.332259182644861439e-17
1.087432609466193334e+01 3.290581526449311563e-16
1.087432623336305504e+01 3.290742892151494244e-16
1.091581235831236008e+01 4.496669583230247621e-22
1.091581268235745483e+01 4.458233465967812044e-22
1.114240535354316997e+01 3.061009584857751903e-16
1.126830688246710110e+01 1.190158886070681772e-02
1.197554614862900557e+01 5.178976923913087878e-16
1.197554616499491864e+01 5.179200813648031522e-16
1.203115071680906212e+01 3.808438129995319398e-17
1.203115140785978454e+01 3.808883738709761680e-17
1.245829914435118191e+01 3.376220240323649102e-18
1.256439552906106627e+01 4.725881300377052924e-02
1.271507977712718684e+01 2.023994335322155399e-15
1.271507996656263728e+01 2.024027592653599023e-15
1.276841382922076029e+01 1.599566133486964420e-13
1.276841402029280381e+01 1.599561693089219531e-13
1.283714776579678762e+01 8.525484489341304124e-15
1.283714790490706115e+01 8.525872950663491280e-15
1.291384892474416723e+01 4.044943624098553125e-01
1.297887972344169150e+01 2.509876200345735376e-13
1.297887977499432210e+01 2.509951621059786193e-13
1.300761199957556613e+01 3.605036047780512375e-14
1.335910735685461859e+01 9.425461807166264894e-16
1.335910754833580860e+01 9.424704568876826404e-16
1.337519585599213734e+01 1.251463642375638841e-14
1.352103635934664716e+01 8.704854287085118627e-18
1.352103637039364159e+01 8.703118636031913047e-18
1.360583370611393761e+01 1.073564022756543767e-17
1.379398544734248055e+01 9.432857350091057909e-16
1.379398571901665349e+01 9.432491482219199923e-16
1.380629530322951481e+01 8.500840801621220147e-16
1.396808313784745081e+01 2.182243808631304655e-04
1.398628559182773934e+01 4.051716400643827697e-16
1.398628589296056290e+01 4.051748028124179662e-16
1.415043115607906365e+01 2.136470945093269798e-15
1.420789220481375992e+01 2.797417506588156923e-15
1.441661372785543271e+01 3.275986070735255393e-13
1.441661376099640890e+01 3.275891943782888709e-13
1.443784505469261426e+01 4.382587271738219020e-02
1.473899758581371344e+01 8.965533530104160128e-16
1.473899772246909734e+01 8.965475231489578007e-16
1.479838802770509432e+01 6.013013229775937344e-16
1.479838808007601969e+01 6.012842302098543637e-16
1.492204094427277816e+01 8.167694530799613683e-14
1.492204111938805688e+01 8.168207663935029774e-14
1.493558539848312705e+01 2.228045788354420312e-02
1.501546393131843971e+01 2.113373543790163883e-15
1.501546410929775455e+01 2.115734332127158871e-15
1.501998189246235249e+01 7.801324935018097478e-14
1.508006239084582667e+01 5.798204095801314928e-15
1.514203792665002979e+01 1.405885031174092531e-14
1.514203806535115149e+01 1.405865390715020987e-14
1.529276797472665983e+01 7.548164188221963278e-02
1.543613631429431088e+01 1.283766917775925853e-11
1.543794127004169958e+01 1.138930770331901196e-02
1.552481628801113089e+01 2.257138722131180374e-15
1.552481638375172857e+01 2.257159770704319689e-15
1.553994470984955889e+01 7.588089314100455534e-15
1.553994473562587153e+01 7.587752205479479799e-15
1.568843820929433797e+01 6.997532005173569680e-16
1.568843832835636576e+01 6.997368098525473910e-16
1.586151159487961593e+01 2.328689499946050958e-16
1.586151181704690138e+01 2.328696124685257280e-16
1.589072034537153399e+01 6.023099886584522200e-17
1.601864724126370021e+01 7.945566465326009756e-03
1.623113530168922125e+01 2.075000999074748408e-15
1.624477561801376879e+01 3.024004491202028986e-15
1.624477565033644311e+01 3.023838998033013620e-15
1.635092237700713724e+01 3.900711103766695605e-03
1.635562278208786324e+01 4.912891670318021720e-16
1.635562296988672415e+01 4.919503441560113981e-16
1.637003178452947338e+01 6.795954378114741869e-14
1.661125352160196655e+01 2.495321315163064696e-16
1.661125367912388739e+01 2.495320611201772176e-16
1.675879386612015765e+01 6.890276770902140745e-17
1.675879389680624953e+01 6.890539170825551068e-17
1.683244519115705984e+01 5.390899775820155726e-03
1.688628567541435999e+01 1.025398630784428993e-15
1.688628584071009442e+01 1.025365545749799815e-15
1.702022333948229260e+01 2.393565481833129921e-02
1.702124647382997935e+01 1.992623746071765022e-11
1.702124658429990234e+01 1.992292251800063710e-11
1.706968969402229064e+01 1.508507103461797381e-14
1.706968972266264473e+01 1.508575195615101500e-14
1.722959375342325927e+01 7.797947186288327068e-14
1.725138499582219254e+01 2.228904014149696994e-02
1.725501957484094362e+01 4.689837188024101524e-11
1.725501977655083863e+01 4.689942744629654918e-11
1.727399634031211662e+01 1.494288154745340713e-02
1.740240873800052412e+01 1.663913986097760934e-14
1.745253009692702051e+01 2.429893091558517843e-16
1.745253038333051876e+01 2.429662953115068816e-16
1.757622034046235981e+01 2.578812328374616505e-02
1.762461192046772140e+01 3.406444024972554203e-14
1.762461195319955110e+01 3.406753758310981456e-14
1.765904341423597046e+01 5.191355511735764444e-14
1.786866573150792803e+01 2.899699045279428277e-15
1.786866591194213427e+01 2.899740628282397714e-15
1.791594740058861390e+01 1.042558917244587970e-04
1.829197101241330969e+01 1.012944792720798196e-15
1.829197112738385655e+01 1.012933092257034696e-15
1.843154297503514982e+01 2.439101222032835695e-15
1.862533019070852092e+01 5.342439794308533052e-03
1.864116026428915518e+01 5.097827594421660558e-14
1.864116042999403433e+01 5.097731287653877369e-14
1.890305200762335858e+01 1.069878632622836730e-02
1.891033189883645349e+01 1.056622341191702562e-12
1.891033212427691979e+01 1.056579079351459140e-12
1.899877261639152692e+01 7.065925290704160989e-15
1.899877267530881753e+01 7.065883537753009882e-15
1.905074446267493826e+01 4.590221392159205688e-02
1.919759257444361111e+01 1.893953952494474438e-03
1.921518395465137985e+01 2.469234987027623840e-14
1.921518395956115555e+01 2.469788427904974813e-14
1.926079235549389779e+01 4.091824427831978496e-13
1.929071393073754948e+01 4.356695967889961269e-16
1.929071403220621761e+01 4.357467929785772260e-16
1.938166910323801773e+01 3.129745046055971702e-15
1.938166942196419740e+01 3.129889538674046053e-15
1.945296554180994519e+01 1.473197193836013087e-02
1.947445071297552488e+01 2.990068395797267415e-11
1.947445092245922638e+01 2.990191694303510505e-11
1.948242989351113152e+01 3.598603497609431656e-01
1.960421252037503592e+01 1.544522768086463160e-01
1.962110270708619453e+01 2.750615271429611853e-13
1.962110279382553557e+01 2.750289595030096788e-13
1.963405806735575609e+01 1.300699580323981464e-12
1.968138426358798299e+01 2.055473632270112677e-02
1.980423799083881775e+01 1.525655559560302929e-14
1.980423817781937856e+01 1.525669020601621829e-14
1.987823799781207512e+01 6.948350738192082637e-14
1.987823821466043839e+01 6.948353536627913584e-14
1.989210981899231356e+01 1.115535234676127681e-14
1.989211002111135684e+01 1.115411871626071897e-14
1.989833214606599654e+01 6.077784937320403257e-14
2.002354163822223754e+01 1.472906190744913413e-01
2.004485267565302564e+01 2.271567652461949589e-14
2.004485295837418946e+01 2.271588030283859309e-14
2.009367260604612326e+01 3.037230484187479661e-14
2.009367278075225727e+01 3.037206122358982092e-14
2.017634029078462277e+01 2.313690577990383523e-02
2.027389055719256916e+01 3.428884883736813011e-13
2.027389056537552747e+01 3.428678999794221471e-13
2.033469693623572638e+01 2.675936271859817736e-11
2.033893915750397241e+01 1.085929687659827059e-01
2.040743944324382397e+01 3.724619705023210239e-14
2.040743946574695045e+01 3.724623679296485141e-14
2.042449092012956058e+01 4.824272760025948709e-02
2.043094979726109628e+01 1.564449300472071999e-13
2.043094997728615425e+01 1.564402185660406791e-13
2.077750301672574196e+01 4.541314336234390098e-02
2.082960892889483162e+01 1.120850683188384906e-13
2.082960893544119685e+01 1.120821436220890957e-13
2.090417115493224998e+01 4.872569684098750770e-02
2.093981284790083564e+01 6.975978172207298625e-16
2.093981325254805625e+01 6.975651082289233586e-16
2.112487437682656832e+01 2.386437510878770771e-15
2.112487441119499110e+01 2.386413111242608463e-15
2.125545538946497715e+01 7.608885083237232650e-14
2.128838333975260966e+01 2.426274747732451009e-03
2.136705886006960142e+01 5.017187715463691106e-03
2.140062641564603396e+01 1.599763459933787735e-13
2.140062677692358761e+01 1.599756778138909245e-13 
2.174516292652927518e+01 4.001346981256649564e-14
2.174516362167147676e+01 4.001490449915304288e-14
2.179773301120794926e+01 7.000108868265068028e-03
2.218722560255711684e+01 9.054256880663863032e-15
2.218722569379708887e+01 9.054331195440869440e-15
2.303995846461140218e+01 1.081888070188705836e-01
2.304133043228015509e+01 5.363850195076768752e-10
2.312313451964699951e+01 6.661014779112716851e-14
2.312313457160878016e+01 6.661097793158308478e-14
2.356535397990413827e+01 1.289270627783555687e-19
2.356535406173371072e+01 1.290818156769108989e-19
2.398166292542350675e+01 3.043977337959679573e-12
2.398166311690471275e+01 3.044013005856316948e-12
2.400724334744840860e+01 5.588202006910371056e-01
2.428654661123140102e+01 4.603628982628523575e-02
2.490087498470849425e+01 1.759340052387125974e-14
2.490087551619156159e+01 1.759322070345433495e-14
2.504330613961764840e+01 2.639366357173860586e-13
2.504330664205120627e+01 2.639697121517026084e-13
2.505057495110692045e+01 8.507686514985578902e-03
2.507479441522259123e+01 4.136355670286334437e-14
2.507479497248196409e+01 4.136300781948921373e-14
2.510662675675783362e+01 8.828551516561327912e-05
2.522994727179132113e+01 4.392678329854331036e-03
2.554452138838634312e+01 7.846543603632975581e-17
2.554452169524723359e+01 7.847211518762131931e-17
2.604606450083041480e+01 3.648335503686027294e-03
2.669030205196211014e+01 1.032875121302167789e-15
2.669081117386382118e+01 5.417400775845899385e-15
2.669081166525038640e+01 5.417754948632981384e-15
2.713242262691158047e+01 1.147505667868822030e-15
2.713242304342409383e+01 1.147496586111011813e-15
2.788229535042829355e+01 7.350713517713716727e-02
2.862885964181722542e+01 2.423727369339255533e-01
2.869897477971072419e+01 1.327709005612449166e-12
2.869897563360229853e+01 1.327673248288648731e-12
2.897467901696839476e+01 1.030232441930935272e-02
2.918469739427048637e+01 6.465796857079598316e-15
2.918469773959127167e+01 6.465783168560186993e-15
2.933860330852521159e+01 1.415165222139505506e-15
2.936300022292817147e+01 9.082321831773910827e-16
2.936300031253155041e+01 9.082562753714615556e-16
2.951630144202537664e+01 1.055116011271819853e-18
2.951630174356734315e+01 1.055570203012724372e-18
2.965924847304897582e+01 4.206459006243192661e-03
2.968207388860462714e+01 5.101831473266342679e-14
2.968207435953381079e+01 5.101627593813908176e-14
2.987322431126094813e+01 8.228345501746975325e-17
2.987322455306732749e+01 8.227808293151706235e-17
2.993086754739675470e+01 1.116790334608918152e-15
3.002596872309263887e+01 6.482990941181055417e-16
3.002596895753436002e+01 6.482122245850143265e-16
3.005048616917949289e+01 6.135632493678122926e-03
3.006198823218865712e+01 2.752042663820228815e-14
3.006198829683401286e+01 2.752119898849738345e-14
3.015158692899462167e+01 1.086001887130335945e-14
3.015158728331665472e+01 1.086048711977629129e-14
3.016941479870636300e+01 2.167009204134164729e-02
3.020178109905449659e+01 1.432119247248430424e-03
3.036609622522251684e+01 6.352534570060974875e-15
3.036609627882088702e+01 6.352438336932843167e-15
3.038589312019758637e+01 1.149882951240881928e-03
3.049798208564293134e+01 5.667955049987009047e-15
3.062790478511616143e+01 6.062570397460963212e-03
3.087030338893181636e+01 1.287343119099492558e-15
3.087030350594810102e+01 1.287350906632126528e-15
3.091909891324641890e+01 4.529118182463633666e-04
3.104396492578123201e+01 8.951574020192022328e-14
3.104396520768410639e+01 8.951625237700085441e-14
3.112126355433506220e+01 2.648842122772100682e-02
3.126204519940349513e+01 2.980881365132099989e-14
3.127161444509761523e+01 1.016090254530162246e-13
3.127161513205685495e+01 1.016084897103360210e-13
3.145502616836872534e+01 1.108646725443076519e-01
3.157153865463257247e+01 4.617461267016312964e-13
3.157153878678733250e+01 4.617509842629560931e-13
3.163025972327405810e+01 7.452885904365946193e-15
3.163025989634360258e+01 7.452858650265259631e-15
3.169460275875319510e+01 2.460768388927031868e-16
3.169460322681834441e+01 2.460324406831311903e-16
3.171108036322566903e+01 5.362565990906794679e-03
3.181365374189934414e+01 3.923016927524159886e-14
3.186660539090892286e+01 3.069115823675780942e-12
3.186660561798598224e+01 3.069059477225785459e-12
3.189293435588384895e+01 4.479156577347662843e-02
3.192488643699276096e+01 1.655096895263599066e-12
3.192488679540628027e+01 1.655099861816599581e-12
3.203974473603764750e+01 6.952709415830599614e-03
3.206679333439372925e+01 2.527431789595481022e-13
3.206679383109921133e+01 2.527327207192308562e-13
3.223965287230799959e+01 1.107413166242541581e-02
3.299460620441055880e+01 7.925158456613234774e-14
3.299460706116616393e+01 7.925185501892887879e-14
3.313679759745122055e+01 7.113218202127341051e-03
3.315574168182859438e+01 6.296609412217687084e-13
3.315574254267567511e+01 6.296353886464569749e-13
3.325963444407999248e+01 8.768463548426317158e-03
3.397957798220299708e+01 3.403273796624077096e-03
3.593653868073693758e+01 1.070510500244974639e-16
3.593653898514293843e+01 1.070473433784750423e-16
3.672907751569847790e+01 8.070528237358551640e-03
3.828591816168636086e+01 3.595224797615395536e-21
4.261874617457309711e+01 1.356086871401242862e-15
4.261874740406238971e+01 1.356137265039188128e-15
4.558888202937938416e+01 4.334288277260528281e-03
4.673656476403659354e+01 6.930185172292610429e-15
4.673656545263242634e+01 6.930889330636225216e-15
4.675228916004608948e+01 7.411271043187544344e-03
4.720593590458697975e+01 1.554465253969878976e-17
4.720593853990829558e+01 1.554506127323797782e-17
4.744423428025970679e+01 1.761040970679101459e-18
4.744423473768700461e+01 1.761869382005961104e-18
4.802769397854560651e+01 8.807785748297072400e-06
4.820453371412502719e+01 1.711287027705428243e-16
4.835141590586399474e+01 1.070864491854391453e-14
4.835141904975608895e+01 1.071193531694264130e-14
4.837332110330426360e+01 5.199640162054451620e-03
4.889093237737359487e+01 9.986276619604448232e-17
4.941068932670033576e+01 2.632225926583589873e-16
4.941069222387628201e+01 2.632473517118418924e-16
4.951758857241988210e+01 4.158451535944605690e-16
4.951759087592230202e+01 4.159312547243803882e-16
4.952984210705941592e+01 2.942886409052223200e-16
4.983390701150558044e+01 5.109822054542220365e-16
4.983390740346921177e+01 5.109558132505204790e-16
5.023970701573196607e+01 4.480595981671085282e-15
5.023970935319363917e+01 4.480600510172983176e-15
5.044903436727070556e+01 1.993000838365282867e-18
5.044903618756950436e+01 1.995649400364474608e-18
5.053845406721050892e+01 6.932941118951338798e-15
5.055763935202022452e+01 3.249009068267371924e-16
5.055764104221000821e+01 3.249660306304807668e-16
5.071498099002742066e+01 1.218878200882360374e-02
5.078101580072949162e+01 1.419922304147123018e-14
5.078101639112983889e+01 1.420043014909994941e-14
5.080396866297689940e+01 3.110995462065099774e-14
5.080397000048122180e+01 3.110912822097598051e-14
5.095388822230044923e+01 2.793215511999551845e-15
5.102430495821385392e+01 3.512575263536453062e-03
5.104231870215799205e+01 1.179145498790834954e-16
5.104231975489540929e+01 1.179935935574291323e-16
5.112753245587806816e+01 3.669014213340357416e-15
5.112753451675580862e+01 3.668935421177975275e-15
5.128329423491992856e+01 1.229272519522183099e-15
5.128329456469310088e+01 1.229306088111058921e-15
5.135461793869554015e+01 6.324565385423156589e-04
5.136654371071921332e+01 1.537271797940363644e-13
5.136654451510388242e+01 1.537116507006973073e-13
5.150320955138599288e+01 1.091898523738641510e-15
5.153594101496424429e+01 4.323405260584325685e-16
5.153594206074616579e+01 4.323535090008405845e-16
5.161572063221495910e+01 1.290010179307859322e-06
5.170294172421233725e+01 3.373036404310174405e-16
5.170294250650303525e+01 3.373226980849952207e-16
5.174290891844862728e+01 2.763214939494689316e-15
5.177494094050136653e+01 2.666205347148950034e-16
5.193109927505140888e+01 5.560058409783980457e-16
5.193110130278816428e+01 5.559214322679576567e-16
5.194300012260624300e+01 2.064630737239791469e-16
5.194300080179167622e+01 2.065132622406350638e-16
5.209589252198843212e+01 4.197608306729434628e-03
5.221755537000047553e+01 2.918431400846533854e-15
5.221755710151417418e+01 2.918399370829256073e-15
5.235257116525201582e+01 7.932183047916736765e-17
5.235257138250952380e+01 7.932622895382636173e-17
5.237907223827072301e+01 9.523424387418763243e-17
5.246461318098137383e+01 4.845963996422972351e-04
5.263593992379851727e+01 3.583678556677775554e-15
5.263594035913183689e+01 3.583755283017623844e-15
5.267473181219069289e+01 7.301851879646440207e-16
5.267473287842999952e+01 7.300916588123574766e-16
5.277211625588414989e+01 3.826823681633835003e-14
5.284829839809819418e+01 7.630490920285342912e-03
5.285644364683698626e+01 1.127907166139543264e-13
5.285644569257624426e+01 1.127566709802709836e-13
5.308454745283256671e+01 8.787757859062154259e-15
5.308454889385129150e+01 8.788640602981529623e-15
5.312288115291162427e+01 8.172614109533543614e-03
5.335264996358619527e+01 2.735226978825353487e-17
5.342550694688999613e+01 1.243723433990943360e-15
5.344193324749504370e+01 1.475574517332684386e-15
5.344193391358776779e+01 1.475474942001935302e-15
5.353572366608653255e+01 1.237926249927456833e-18
5.353572514188282128e+01 1.234960129177103225e-18
5.371015834835544212e+01 1.367870431852766961e-14
5.376888922099774959e+01 1.167443787697098675e-15
5.376889126387297324e+01 1.167458993952123545e-15
5.401966982327421363e+01 4.388684504185312548e-14
5.414218245623558090e+01 2.752414606255340970e-02
5.416905711642954202e+01 1.058611129831088831e-13
5.416905866669074499e+01 1.058507050018858232e-13
5.424952464828332666e+01 7.682779293576026612e-14
5.424952549112789058e+01 7.682636127416090013e-14
5.436206491035535748e+01 4.698284904873210053e-14
5.436206510592803198e+01 4.698704449289417049e-14
5.439479783827377446e+01 7.585830718245081409e-15
5.460236829584496121e+01 4.346355684896619556e-16
5.460236888460871540e+01 4.346916151105038075e-16
5.464133595292674528e+01 1.793635708549026992e-14
5.465057190882667726e+01 5.735359272387607248e-04
5.472392305517757194e+01 2.421966219358900709e-15
5.472392410382351358e+01 2.421941045650148270e-15
5.486844054008483340e+01 1.335974243849116308e-14
5.486844089072455688e+01 1.335971972567967006e-14
5.500839379618170000e+01 1.461095352970050045e-13
5.500839410836152155e+01 1.461136524853797731e-13
5.504398910610409246e+01 4.744527267221101269e-03
5.508530789653759996e+01 1.665723237577053758e-13
5.515829378146289486e+01 5.363894350845501436e-14
5.523476522721301762e+01 6.118279962431904048e-15
5.523476630736334414e+01 6.118177996882311181e-15
5.546266318683295538e+01 2.263690300393595741e-13
5.546266389056726354e+01 2.263750608577498653e-13
5.549328751974547203e+01 2.873231635123346625e-13
5.549708002615260938e+01 1.200922018772354952e-02
5.575826821275221334e+01 3.097946785631113626e-04
5.579640485617895251e+01 3.409968661691918414e-15
5.579640595515008528e+01 3.409738361043175820e-15
5.582991194133952462e+01 5.168472572104202529e-15
5.593189238581067002e+01 3.378458407976409241e-15
5.593189269512643591e+01 3.378411171998961102e-15
5.609089891598122080e+01 3.607185860108487410e-15
5.609089913692105256e+01 3.607154434277204067e-15
5.617486119934800826e+01 7.641545909577913444e-03
5.618440735601056701e+01 3.150549009702627009e-12
5.618440858672729377e+01 3.149722007205822727e-12
5.624179350695784052e+01 5.551008349580225881e-14
5.624179484159812858e+01 5.550925759511593128e-14
5.643796041327553326e+01 2.629658499976565787e-03
5.646763780130753929e+01 2.729873170475642011e-13
5.646763885445411546e+01 2.729719607353465480e-13
5.656049474171089742e+01 1.392238909806533409e-16
5.656049536566138158e+01 1.392127263850038067e-16
5.677628854779938905e+01 7.154596225167252836e-05
5.678871345524400027e+01 1.561351481980187944e-15
5.686579054251061649e+01 8.593034339937845484e-17
5.686579176218036480e+01 8.592425765421459981e-17
5.706324824565479759e+01 2.105799985640725867e-15
5.706324861102383039e+01 2.105767913412242576e-15
5.718123993192038768e+01 1.707134540846468029e-14
5.724663376218773436e+01 5.487906382315496724e-14
5.724663477646524257e+01 5.488417600048831228e-14
5.726916587806021397e+01 6.846370648948487021e-03
5.733385646500020272e+01 7.699274246534288271e-14
5.744018273352199344e+01 6.119712121855498483e-15
5.744018312057586684e+01 6.120039234749169928e-15
5.746003600252465304e+01 3.545922521432578935e-03
5.771506358036739925e+01 3.504260947375475641e-15
5.771506437206848972e+01 3.504289869897260349e-15
5.792757499945290789e+01 2.403552036935155758e-12
5.792757513324425389e+01 2.403570923794487003e-12
5.794441509951150948e+01 3.031626772965769628e-02
5.811787329315185957e+01 5.215111449593128805e-16
5.811787413067750663e+01 5.216044418280827189e-16
5.824476421850078367e+01 2.402713905855169235e-16
5.849588612455039538e+01 1.932853913247216345e-12
5.849588668058232344e+01 1.932913505903403543e-12
5.852941670993610046e+01 4.392672390903762381e-02
5.866956972306111595e+01 2.355452112968514143e-13
5.871078329335077939e+01 5.055804644065947835e-13
5.871078417097291435e+01 5.055845987609313873e-13
5.910606129710306789e+01 2.268378994832347604e-13
5.910606136461245796e+01 2.268270756900747006e-13
5.926211947062243013e+01 1.668865598361162206e-11
5.926778568639109324e+01 2.459279367284678691e-02
5.947543279208421296e+01 7.841304866896458443e-14
5.947543386937049092e+01 7.841609946905145357e-14
5.949809879709052751e+01 2.273284740738159052e-04
5.957817944241814700e+01 2.334894131216946715e-03
5.971028595709322673e+01 1.084770404004901074e-15
5.971028619889960964e+01 1.084737737015937953e-15
5.977962929075388132e+01 1.994444844400705878e-14
6.010386646246244169e+01 7.781942659314272785e-14
6.010386737690787839e+01 7.782302541319582027e-14
6.017827799484546603e+01 5.074695748969279552e-03
6.034922029129424459e+01 8.257470807567072488e-14
6.034922070698846852e+01 8.257513304435518652e-14
6.045742685441222619e+01 6.162461081979895032e-04
6.061220760410264319e+01 9.969808589478855256e-15
6.061220864702052324e+01 9.970091457062222030e-15
6.076156445706696729e+01 5.551640319871087419e-17
6.107791159214637844e+01 1.773325781668900972e-14
6.107791178485500438e+01 1.773334029884269558e-14
6.134668593390106395e+01 5.220425173024235138e-15
6.134668652880203865e+01 5.220584209907712891e-15
6.139691384188363088e+01 6.155419365109058697e-15
6.178221826162319275e+01 3.863820019957295987e-02
6.198555317971970169e+01 1.284143788019753954e-13
6.198555331882997166e+01 1.284098575952221086e-13
6.229479134469188040e+01 6.386246113001736724e-02
6.231402948813084208e+01 5.003725948577741182e-11
6.231402992141840969e+01 5.004153375141644105e-11
6.280508713045760061e+01 8.813477552419802462e-16
6.289365341098769591e+01 8.160510189466745524e-15
6.289365435039116647e+01 8.160498667033570823e-15
6.317064725281500159e+01 2.846242977288470158e-02
6.318571787106323967e+01 3.578337965585031803e-12
6.318571854452061132e+01 3.577987813146780249e-12
6.344610782657025538e+01 2.242929585003120358e-15
6.344610797018115989e+01 2.242924018438894593e-15
6.356662829491156685e+01 1.123337128046798632e-02
6.387449051938934019e+01 4.162801355127212450e-14
6.387449102632354681e+01 4.162772369087314244e-14
6.415512659457341726e+01 1.923277801018908120e-02
6.436096837996839781e+01 2.804061613641759450e-12
6.436096964096208239e+01 2.804131880948820796e-12
6.440884389401472276e+01 3.464157462967613899e-02
6.452633779995704799e+01 2.375461252451178566e-13
6.452633927493506860e+01 2.376166608519513214e-13
6.453168253352937711e+01 8.077904726432658841e-14
6.469123773137806666e+01 1.044046299786318042e-13
6.469123881234669682e+01 1.044034076906979327e-13
6.483169362520148127e+01 2.752311536454745799e-14
6.483169366775285880e+01 2.752074339644882368e-14
6.500277489158209221e+01 1.100423043515681406e-03
6.502575748210325912e+01 2.306153449329799112e-05
6.509533739446212053e+01 9.641056312939729979e-18
6.509533741287376074e+01 9.637998003356772708e-18
6.535103923609902665e+01 3.682843461115685012e-03
6.539547302542133878e+01 7.044457978798818832e-14
6.544942156235309483e+01 4.159074580483352809e-03
6.550607475397367807e+01 1.157174737009754693e-13
6.550607603133327927e+01 1.157133096222199055e-13
6.557544004946358029e+01 1.669791992667084805e-13
6.557544050484513320e+01 1.669778542192481811e-13
6.571431597794318691e+01 6.834825341299463104e-13
6.571431685065556394e+01 6.835208650824738189e-13
6.575107767264994152e+01 7.401732162181127311e-03
6.579486065585186338e+01 1.133660560537217496e-12
6.579486070372215067e+01 1.133267138054766409e-12
6.585089551869025115e+01 2.088083773246795713e-03
6.595307114264336690e+01 4.596903378486419563e-03
6.603349285362013177e+01 7.415489493026242461e-14
6.603349422590201812e+01 7.415326239515908035e-14
6.604438432728781549e+01 6.575676806840672199e-16
6.610270681350264965e+01 1.135600053044763524e-02
6.611507403437337871e+01 1.361403577823979625e-11
6.611507462681946379e+01 1.361428853603887885e-11
6.620382672839275529e+01 4.013608734782060357e-14
6.620382799184130818e+01 4.013467221404131374e-14
6.628971857307601567e+01 3.465684486532612501e-03
6.633370776474939134e+01 6.012967488387640466e-13
6.633370934733329705e+01 6.012853008389260003e-13
6.639497106006500360e+01 1.563487913105867516e-03
6.642831893229462992e+01 1.635706602014445922e-13
6.642831975018117419e+01 1.635632239914572669e-13
6.658628676045084660e+01 3.825024261794226829e-06
6.660290989676840923e+01 9.759565167988876653e-15
6.660291104811045670e+01 9.759470468104479181e-15
6.676208087532580748e+01 4.579889340384783155e-14
6.676208132129696082e+01 4.580024292184833736e-14
6.680792832571040663e+01 1.513696883288706855e-03
6.711944648958882453e+01 8.383118573533621136e-12
6.711944808567459120e+01 8.383929892314365787e-12
6.713557919387852735e+01 3.402815401580726578e-03
6.721288891811295230e+01 1.104684381870118214e-02
6.728804105106792122e+01 1.742097131176737523e-16
6.735371133844714109e+01 8.373496215364402417e-02
6.756732884128831529e+01 1.656864793745512920e-13
6.756733028967171606e+01 1.656852316745294695e-13
6.784256677437609540e+01 3.745667768853533747e-13
6.784256854925948232e+01 3.745727948315276301e-13
6.796721055334553796e+01 3.401696280822635865e-02
6.810497502964052785e+01 4.766874815965885075e-03
6.814998295609476031e+01 6.252632255779410038e-13
6.835723265647959579e+01 6.328143452306578806e-14
6.835723443831849977e+01 6.328106214440890973e-14
6.849742116399902159e+01 4.834453153694318332e-13
6.849742265247890316e+01 4.834573422582347187e-13
6.857107458264546551e+01 4.135789116628980217e-02
6.865020650780007827e+01 9.722255794303768985e-04
6.882800928700049781e+01 6.524415408597582272e-16
6.882801004187831495e+01 6.523876687339542361e-16
6.896301651305945768e+01 9.183501093948322376e-04
6.929664815436520087e+01 1.636674577463843046e-16
6.929664999102988077e+01 1.636932770748881386e-16
7.028553367561957543e+01 8.377585794169006356e-14
7.028553613377985698e+01 8.377727002730133666e-14
7.039796358847027591e+01 1.366396221634286852e-03
7.070651590749091042e+01 1.035151356315421739e-02
7.772421726189520541e+01 9.455652033549448244e-15
7.772422002691639875e+01 9.455636695922806881e-15
8.298436650701219719e+01 3.342527117618674937e-01
