0.000000	1.000000
0.000010	0.899477
0.000020	0.868038
0.000030	0.821518
0.000040	0.769017
0.000050	0.739628
0.000060	0.671375
0.000070	0.616211
0.000080	0.603415
0.000090	0.590623
0.000100	0.579895
0.000110	0.603455
0.000120	0.540076
0.000130	0.518119
0.000140	0.494343
0.000150	0.475584
0.000160	0.500532
0.000170	0.481659
0.000180	0.472550
0.000190	0.480063
0.000200	0.486594
0.000210	0.494050
0.000220	0.498949
0.000230	0.457974
0.000240	0.457780
0.000250	0.455469
0.000260	0.438173
0.000270	0.456284
0.000280	0.424638
0.000290	0.409419
0.000300	0.402262
0.000310	0.392973
0.000320	0.391960
0.000330	0.380128
0.000340	0.369065
0.000350	0.384569
0.000360	0.404607
0.000370	0.403906
0.000380	0.407056
0.000390	0.387166
0.000400	0.373989
0.000410	0.360562
0.000420	0.347347
0.000430	0.351783
0.000440	0.313721
0.000450	0.296419
0.000460	0.287287
0.000470	0.298703
0.000480	0.299956
0.000490	0.286258
0.000500	0.278297
0.000510	0.267674
0.000520	0.265280
0.000530	0.262183
0.000540	0.300315
0.000550	0.275358
0.000560	0.279448
0.000570	0.258359
0.000580	0.264580
0.000590	0.264610
0.000600	0.239768
0.000610	0.235700
0.000620	0.224617
0.000630	0.223655
0.000640	0.218072
0.000650	0.242317
0.000660	0.229299
0.000670	0.247844
0.000680	0.236261
0.000690	0.231202
0.000700	0.240841
0.000710	0.216189
0.000720	0.216989
0.000730	0.215219
0.000740	0.225374
0.000750	0.231337
0.000760	0.235804
0.000770	0.218991
0.000780	0.225005
0.000790	0.214379
0.000800	0.200681
0.000810	0.202622
0.000820	0.192909
0.000830	0.209385
0.000840	0.206333
0.000850	0.215025
0.000860	0.228644
0.000870	0.234314
0.000880	0.229561
0.000890	0.232072
0.000900	0.236609
0.000910	0.232873
0.000920	0.223484
0.000930	0.231992
0.000940	0.238653
0.000950	0.230973
0.000960	0.215176
0.000970	0.221089
0.000980	0.214054
0.000990	0.205890
0.001000	0.186888
0.001010	0.189058
0.001020	0.180767
0.001030	0.162731
0.001040	0.165141
0.001050	0.150421
0.001060	0.145776
0.001070	0.134245
0.001080	0.134971
0.001090	0.131623
0.001100	0.126839
0.001110	0.110324
0.001120	0.121009
0.001130	0.123919
0.001140	0.120994
0.001150	0.136074
0.001160	0.120327
0.001170	0.121380
0.001180	0.120062
0.001190	0.113439
0.001200	0.116138
0.001210	0.119608
0.001220	0.111093
0.001230	0.115742
0.001240	0.110613
0.001250	0.104468
0.001260	0.113083
0.001270	0.091489
0.001280	0.091534
0.001290	0.094098
0.001300	0.091209
0.001310	0.094463
0.001320	0.097570
0.001330	0.093180
0.001340	0.096904
0.001350	0.084579
0.001360	0.082588
0.001370	0.095495
0.001380	0.081119
0.001390	0.082528
0.001400	0.081060
0.001410	0.078409
0.001420	0.078855
0.001430	0.075219
0.001440	0.074972
0.001450	0.085147
0.001460	0.079554
0.001470	0.082284
0.001480	0.091001
0.001490	0.082888
0.001500	0.086925
0.001510	0.083462
0.001520	0.086049
0.001530	0.088166
0.001540	0.083307
0.001550	0.079148
0.001560	0.083420
0.001570	0.076324
0.001580	0.078772
0.001590	0.074938
0.001600	0.071765
0.001610	0.080933
0.001620	0.079745
0.001630	0.085206
0.001640	0.087196
0.001650	0.083481
0.001660	0.083218
0.001670	0.079421
0.001680	0.074868
0.001690	0.083385
0.001700	0.078687
0.001710	0.073692
0.001720	0.074927
0.001730	0.067997
0.001740	0.072343
0.001750	0.071723
0.001760	0.075864
0.001770	0.085257
0.001780	0.084806
0.001790	0.088860
0.001800	0.104877
0.001810	0.103259
0.001820	0.106701
0.001830	0.106952
0.001840	0.105063
0.001850	0.117724
0.001860	0.119617
0.001870	0.124103
0.001880	0.134854
0.001890	0.123919
0.001900	0.125494
0.001910	0.135097
0.001920	0.127886
0.001930	0.125767
0.001940	0.113948
0.001950	0.103071
0.001960	0.099301
0.001970	0.093385
0.001980	0.084780
0.001990	0.089673
0.002000	0.077414
0.002010	0.075762
0.002020	0.074892
0.002030	0.063581
0.002040	0.063259
0.002050	0.052053
0.002060	0.049695
0.002070	0.053456
0.002080	0.059055
0.002090	0.057538
0.002100	0.064828
0.002110	0.059873
0.002120	0.064023
0.002130	0.065097
0.002140	0.054878
0.002150	0.063686
0.002160	0.059512
0.002170	0.061183
0.002180	0.058464
0.002190	0.059139
0.002200	0.054317
0.002210	0.052320
0.002220	0.045920
0.002230	0.053805
0.002240	0.058993
0.002250	0.053487
0.002260	0.055390
0.002270	0.055655
0.002280	0.059472
0.002290	0.056218
0.002300	0.058285
0.002310	0.058428
0.002320	0.055002
0.002330	0.055382
0.002340	0.057700
0.002350	0.060885
0.002360	0.056298
0.002370	0.048360
0.002380	0.050757
0.002390	0.053540
0.002400	0.053209
0.002410	0.053658
0.002420	0.052360
0.002430	0.046593
0.002440	0.048941
0.002450	0.049634
0.002460	0.053131
0.002470	0.054421
0.002480	0.047148
0.002490	0.053554
0.002500	0.048217
0.002510	0.047604
0.002520	0.043635
0.002530	0.040813
0.002540	0.036756
0.002550	0.042684
0.002560	0.043190
0.002570	0.042820
0.002580	0.043840
0.002590	0.036938
0.002600	0.044132
0.002610	0.037102
0.002620	0.041253
0.002630	0.041181
0.002640	0.040378
0.002650	0.041314
0.002660	0.044499
0.002670	0.045027
0.002680	0.037836
0.002690	0.043180
0.002700	0.040356
0.002710	0.053593
0.002720	0.051959
0.002730	0.056829
0.002740	0.060017
0.002750	0.064814
0.002760	0.073696
0.002770	0.079669
0.002780	0.088467
0.002790	0.083032
0.002800	0.086815
0.002810	0.085795
0.002820	0.093017
0.002830	0.087575
0.002840	0.086764
0.002850	0.087874
0.002860	0.090668
0.002870	0.096619
0.002880	0.090729
0.002890	0.091802
0.002900	0.081391
0.002910	0.074360
0.002920	0.068736
0.002930	0.068759
0.002940	0.066097
0.002950	0.061864
0.002960	0.055919
0.002970	0.054159
0.002980	0.055382
0.002990	0.047853
0.003000	0.049983
0.003010	0.048041
0.003020	0.051807
0.003030	0.060558
0.003040	0.055007
0.003050	0.055308
0.003060	0.054074
0.003070	0.051064
0.003080	0.055431
0.003090	0.059829
0.003100	0.056938
0.003110	0.056178
0.003120	0.055614
0.003130	0.054090
0.003140	0.061893
0.003150	0.052316
0.003160	0.049587
0.003170	0.051149
0.003180	0.050719
0.003190	0.056070
0.003200	0.053097
0.003210	0.049869
0.003220	0.044339
0.003230	0.044781
0.003240	0.042413
0.003250	0.053408
0.003260	0.045802
0.003270	0.041172
0.003280	0.042686
0.003290	0.037378
0.003300	0.043681
0.003310	0.038687
0.003320	0.040802
0.003330	0.036480
0.003340	0.041457
0.003350	0.038736
0.003360	0.047814
0.003370	0.040852
0.003380	0.039296
0.003390	0.043192
0.003400	0.039279
0.003410	0.045658
0.003420	0.039775
0.003430	0.038700
0.003440	0.034458
0.003450	0.037592
0.003460	0.034889
0.003470	0.037896
0.003480	0.033729
0.003490	0.034870
0.003500	0.039118
0.003510	0.035686
0.003520	0.038992
0.003530	0.034260
0.003540	0.030856
0.003550	0.030357
0.003560	0.035371
0.003570	0.038004
0.003580	0.035217
0.003590	0.027654
0.003600	0.028528
0.003610	0.031426
0.003620	0.027517
0.003630	0.025942
0.003640	0.022647
0.003650	0.019544
0.003660	0.023122
0.003670	0.025071
0.003680	0.033405
0.003690	0.034729
0.003700	0.036150
0.003710	0.039785
0.003720	0.048521
0.003730	0.052877
0.003740	0.050120
0.003750	0.052116
0.003760	0.049436
0.003770	0.054610
0.003780	0.052263
0.003790	0.060101
0.003800	0.057601
0.003810	0.054676
0.003820	0.051250
0.003830	0.046066
0.003840	0.049893
0.003850	0.045462
0.003860	0.049986
0.003870	0.044769
0.003880	0.046569
0.003890	0.040196
0.003900	0.041739
0.003910	0.034508
0.003920	0.031328
0.003930	0.030162
0.003940	0.022792
0.003950	0.026904
0.003960	0.024768
0.003970	0.028193
0.003980	0.025408
0.003990	0.027346
0.004000	0.025328
0.004010	0.027704
0.004020	0.023582
0.004030	0.023614
0.004040	0.025038
0.004050	0.019268
0.004060	0.020809
0.004070	0.021455
0.004080	0.022360
0.004090	0.022064
0.004100	0.021397
0.004110	0.022371
0.004120	0.024910
0.004130	0.020792
0.004140	0.019285
0.004150	0.023186
0.004160	0.019542
0.004170	0.020377
0.004180	0.020787
0.004190	0.019256
0.004200	0.018724
0.004210	0.015359
0.004220	0.018617
0.004230	0.026018
0.004240	0.025962
0.004250	0.025507
0.004260	0.030091
0.004270	0.030191
0.004280	0.029977
0.004290	0.029934
0.004300	0.024452
0.004310	0.023244
0.004320	0.018267
0.004330	0.017177
0.004340	0.022010
0.004350	0.022885
0.004360	0.023900
0.004370	0.023390
0.004380	0.023101
0.004390	0.023574
0.004400	0.025148
0.004410	0.018661
0.004420	0.018105
0.004430	0.016284
0.004440	0.017128
0.004450	0.018731
0.004460	0.018576
0.004470	0.020677
0.004480	0.020873
0.004490	0.020321
0.004500	0.021363
0.004510	0.025598
0.004520	0.020025
0.004530	0.015968
0.004540	0.015168
0.004550	0.017388
0.004560	0.018910
0.004570	0.017866
0.004580	0.017952
0.004590	0.017912
0.004600	0.018190
0.004610	0.019420
0.004620	0.025739
0.004630	0.027105
0.004640	0.029214
0.004650	0.033053
0.004660	0.039381
0.004670	0.041704
0.004680	0.040968
0.004690	0.040665
0.004700	0.040841
0.004710	0.039610
0.004720	0.039233
0.004730	0.041916
0.004740	0.040964
0.004750	0.041990
0.004760	0.040846
0.004770	0.041214
0.004780	0.036310
0.004790	0.031656
0.004800	0.027398
0.004810	0.029439
0.004820	0.030652
0.004830	0.029440
0.004840	0.027988
0.004850	0.021500
0.004860	0.020713
0.004870	0.018567
0.004880	0.020528
0.004890	0.018009
0.004900	0.018991
0.004910	0.016678
0.004920	0.015452
0.004930	0.019369
0.004940	0.022543
0.004950	0.023281
0.004960	0.019746
0.004970	0.019792
0.004980	0.019237
0.004990	0.021780
0.005000	0.022157
0.005010	0.025073
0.005020	0.027229
0.005030	0.025279
0.005040	0.026474
0.005050	0.029895
0.005060	0.028926
0.005070	0.024216
0.005080	0.020198
0.005090	0.018733
0.005100	0.020968
0.005110	0.021394
0.005120	0.021127
0.005130	0.023464
0.005140	0.022145
0.005150	0.019524
0.005160	0.022369
0.005170	0.019860
0.005180	0.018230
0.005190	0.015531
0.005200	0.015437
0.005210	0.019086
0.005220	0.020325
0.005230	0.017336
0.005240	0.019437
0.005250	0.018656
0.005260	0.018169
0.005270	0.021640
0.005280	0.017659
0.005290	0.018196
0.005300	0.016962
0.005310	0.016210
0.005320	0.016943
0.005330	0.018463
0.005340	0.015293
0.005350	0.015665
0.005360	0.015109
0.005370	0.015048
0.005380	0.019269
0.005390	0.015069
0.005400	0.018251
0.005410	0.019600
0.005420	0.021978
0.005430	0.023235
0.005440	0.024268
0.005450	0.020689
0.005460	0.018731
0.005470	0.017431
0.005480	0.018628
0.005490	0.023795
0.005500	0.019925
0.005510	0.020566
0.005520	0.021692
0.005530	0.022610
0.005540	0.023176
0.005550	0.021511
0.005560	0.017957
0.005570	0.016362
0.005580	0.017092
0.005590	0.021003
0.005600	0.026616
0.005610	0.025177
0.005620	0.024825
0.005630	0.026443
0.005640	0.027408
0.005650	0.030113
0.005660	0.029134
0.005670	0.027780
0.005680	0.027291
0.005690	0.027912
0.005700	0.028954
0.005710	0.029340
0.005720	0.027346
0.005730	0.025670
0.005740	0.025419
0.005750	0.023809
0.005760	0.025212
0.005770	0.023638
0.005780	0.022675
0.005790	0.023910
0.005800	0.025817
0.005810	0.028476
0.005820	0.024855
0.005830	0.024260
0.005840	0.022495
0.005850	0.022877
0.005860	0.021361
0.005870	0.023523
0.005880	0.024889
0.005890	0.026211
0.005900	0.030011
0.005910	0.032227
0.005920	0.037005
0.005930	0.032516
0.005940	0.032768
0.005950	0.029963
0.005960	0.030813
0.005970	0.029778
0.005980	0.028214
0.005990	0.027739
0.006000	0.026010
0.006010	0.026828
0.006020	0.024496
0.006030	0.028693
0.006040	0.026131
0.006050	0.031114
0.006060	0.032702
0.006070	0.035758
0.006080	0.037616
0.006090	0.035223
0.006100	0.033908
0.006110	0.032111
0.006120	0.032963
0.006130	0.031451
0.006140	0.035844
0.006150	0.033877
0.006160	0.037866
0.006170	0.039694
0.006180	0.040159
0.006190	0.042554
0.006200	0.041234
0.006210	0.041099
0.006220	0.038687
0.006230	0.036101
0.006240	0.032819
0.006250	0.033265
0.006260	0.033826
0.006270	0.038356
0.006280	0.041050
0.006290	0.039904
0.006300	0.039804
0.006310	0.037130
0.006320	0.034815
0.006330	0.031324
0.006340	0.027176
0.006350	0.026432
0.006360	0.027191
0.006370	0.028165
0.006380	0.028632
0.006390	0.029678
0.006400	0.026135
0.006410	0.023198
0.006420	0.024513
0.006430	0.025980
0.006440	0.027249
0.006450	0.026123
0.006460	0.027977
0.006470	0.025984
0.006480	0.026491
0.006490	0.022882
0.006500	0.024626
0.006510	0.023294
0.006520	0.020744
0.006530	0.024092
0.006540	0.024363
0.006550	0.027626
0.006560	0.027815
0.006570	0.031244
0.006580	0.032563
0.006590	0.035743
0.006600	0.034534
0.006610	0.035436
0.006620	0.034347
0.006630	0.031016
0.006640	0.032406
0.006650	0.028198
0.006660	0.029560
0.006670	0.027245
0.006680	0.026091
0.006690	0.023656
0.006700	0.021748
0.006710	0.016953
0.006720	0.013588
0.006730	0.011981
0.006740	0.012400
0.006750	0.016241
0.006760	0.013981
0.006770	0.013876
0.006780	0.012916
0.006790	0.011661
0.006800	0.011339
0.006810	0.011153
0.006820	0.011483
0.006830	0.012462
0.006840	0.011944
0.006850	0.013099
0.006860	0.015031
0.006870	0.013191
0.006880	0.011306
0.006890	0.010671
0.006900	0.009004
0.006910	0.009888
0.006920	0.008972
0.006930	0.009927
0.006940	0.010501
0.006950	0.009694
0.006960	0.011441
0.006970	0.012099
0.006980	0.011656
0.006990	0.010892
0.007000	0.010965
0.007010	0.010453
0.007020	0.011565
0.007030	0.009872
0.007040	0.010928
0.007050	0.011281
0.007060	0.010095
0.007070	0.010624
0.007080	0.008526
0.007090	0.007370
0.007100	0.005578
0.007110	0.004622
0.007120	0.005955
0.007130	0.007693
0.007140	0.006781
0.007150	0.008196
0.007160	0.008121
0.007170	0.007402
0.007180	0.008615
0.007190	0.005444
0.007200	0.005827
0.007210	0.006277
0.007220	0.007323
0.007230	0.008309
0.007240	0.008474
0.007250	0.007627
0.007260	0.008797
0.007270	0.007219
0.007280	0.007126
0.007290	0.009898
0.007300	0.008124
0.007310	0.008752
0.007320	0.007969
0.007330	0.007913
0.007340	0.009452
0.007350	0.009986
0.007360	0.010695
0.007370	0.013629
0.007380	0.013171
0.007390	0.013818
0.007400	0.015755
0.007410	0.014981
0.007420	0.016017
0.007430	0.015727
0.007440	0.015088
0.007450	0.016297
0.007460	0.014913
0.007470	0.014718
0.007480	0.016047
0.007490	0.014959
0.007500	0.015603
0.007510	0.017753
0.007520	0.019029
0.007530	0.022191
0.007540	0.023343
0.007550	0.023154
0.007560	0.023354
0.007570	0.021344
0.007580	0.021447
0.007590	0.024126
0.007600	0.024490
0.007610	0.025605
0.007620	0.024993
0.007630	0.023344
0.007640	0.022597
0.007650	0.021153
0.007660	0.019508
0.007670	0.017923
0.007680	0.017053
0.007690	0.016712
0.007700	0.016179
0.007710	0.014716
0.007720	0.015310
0.007730	0.014666
0.007740	0.015370
0.007750	0.016331
0.007760	0.017543
0.007770	0.018122
0.007780	0.018107
0.007790	0.019210
0.007800	0.020280
0.007810	0.020394
0.007820	0.020245
0.007830	0.021152
0.007840	0.020796
0.007850	0.020627
0.007860	0.019246
0.007870	0.019408
0.007880	0.018823
0.007890	0.017798
0.007900	0.017917
0.007910	0.018531
0.007920	0.018212
0.007930	0.018525
0.007940	0.018298
0.007950	0.017997
0.007960	0.019596
0.007970	0.020003
0.007980	0.021611
0.007990	0.022416
0.008000	0.022689
0.008010	0.023241
0.008020	0.023202
0.008030	0.022679
0.008040	0.022774
0.008050	0.022216
0.008060	0.021550
0.008070	0.022290
0.008080	0.021844
0.008090	0.021842
0.008100	0.020441
0.008110	0.019720
0.008120	0.019670
0.008130	0.020484
0.008140	0.021303
0.008150	0.022347
0.008160	0.022828
0.008170	0.022518
0.008180	0.022958
0.008190	0.023058
0.008200	0.023593
0.008210	0.022794
0.008220	0.022744
0.008230	0.022811
0.008240	0.022615
0.008250	0.022105
0.008260	0.021670
0.008270	0.021502
0.008280	0.021233
0.008290	0.021187
0.008300	0.021888
0.008310	0.022098
0.008320	0.021376
0.008330	0.020964
0.008340	0.020517
0.008350	0.021446
0.008360	0.022582
0.008370	0.023011
0.008380	0.023859
0.008390	0.023959
0.008400	0.023399
0.008410	0.024071
0.008420	0.023938
0.008430	0.023822
0.008440	0.024218
0.008450	0.024079
0.008460	0.025103
0.008470	0.026053
0.008480	0.025762
0.008490	0.026449
0.008500	0.027438
0.008510	0.028592
0.008520	0.030870
0.008530	0.031416
0.008540	0.032003
0.008550	0.032159
0.008560	0.030984
0.008570	0.030016
0.008580	0.028394
0.008590	0.026119
0.008600	0.024700
0.008610	0.024000
0.008620	0.023296
0.008630	0.023557
0.008640	0.021817
0.008650	0.020981
0.008660	0.021152
0.008670	0.020551
0.008680	0.020671
0.008690	0.020077
0.008700	0.019254
0.008710	0.018527
0.008720	0.017920
0.008730	0.017468
0.008740	0.018405
0.008750	0.018194
0.008760	0.018573
0.008770	0.019038
0.008780	0.018964
0.008790	0.019207
0.008800	0.018269
0.008810	0.017451
0.008820	0.016701
0.008830	0.016138
0.008840	0.015676
0.008850	0.015527
0.008860	0.014852
0.008870	0.015013
0.008880	0.015200
0.008890	0.015429
0.008900	0.016288
0.008910	0.016447
0.008920	0.016841
0.008930	0.017021
0.008940	0.017153
0.008950	0.017147
0.008960	0.016573
0.008970	0.015736
0.008980	0.015326
0.008990	0.014979
0.009000	0.014724
0.009010	0.014723
0.009020	0.014305
0.009030	0.014096
0.009040	0.013607
0.009050	0.013459
0.009060	0.013518
0.009070	0.013246
0.009080	0.013230
0.009090	0.013399
0.009100	0.013401
0.009110	0.013188
0.009120	0.012612
0.009130	0.012076
0.009140	0.012078
0.009150	0.012491
0.009160	0.012785
0.009170	0.013184
0.009180	0.012698
0.009190	0.012343
0.009200	0.011849
0.009210	0.011490
0.009220	0.011420
0.009230	0.011455
0.009240	0.011749
0.009250	0.011916
0.009260	0.012244
0.009270	0.012476
0.009280	0.013110
0.009290	0.013464
0.009300	0.014077
0.009310	0.014352
0.009320	0.014354
0.009330	0.014273
0.009340	0.013590
0.009350	0.013162
0.009360	0.012632
0.009370	0.012782
0.009380	0.013287
0.009390	0.014208
0.009400	0.014834
0.009410	0.015662
0.009420	0.016078
0.009430	0.016043
0.009440	0.016196
0.009450	0.016117
0.009460	0.016875
0.009470	0.017377
0.009480	0.017686
0.009490	0.017555
0.009500	0.016981
0.009510	0.016029
0.009520	0.015183
0.009530	0.014408
0.009540	0.013452
0.009550	0.012541
0.009560	0.011447
0.009570	0.010428
0.009580	0.009221
0.009590	0.008240
0.009600	0.008209
0.009610	0.008230
0.009620	0.008134
0.009630	0.007795
0.009640	0.007581
0.009650	0.007222
0.009660	0.006891
0.009670	0.006978
0.009680	0.007094
0.009690	0.007407
0.009700	0.007447
0.009710	0.007564
0.009720	0.007299
0.009730	0.006985
0.009740	0.006345
0.009750	0.006267
0.009760	0.006579
0.009770	0.006786
0.009780	0.007393
0.009790	0.007209
0.009800	0.007156
0.009810	0.006635
0.009820	0.006145
0.009830	0.005536
0.009840	0.005032
0.009850	0.004476
0.009860	0.004685
0.009870	0.005136
0.009880	0.005180
0.009890	0.005642
0.009900	0.005120
0.009910	0.004981
0.009920	0.004744
0.009930	0.004585
0.009940	0.004692
0.009950	0.004718
0.009960	0.004555
0.009970	0.004296
0.009980	0.004168
0.009990	0.004077
