0.000000	1.000000
0.000010	0.899397
0.000020	0.867511
0.000030	0.820251
0.000040	0.769568
0.000050	0.707458
0.000060	0.659694
0.000070	0.617441
0.000080	0.604119
0.000090	0.587934
0.000100	0.574382
0.000110	0.548482
0.000120	0.517733
0.000130	0.492925
0.000140	0.497480
0.000150	0.492987
0.000160	0.480337
0.000170	0.481755
0.000180	0.480185
0.000190	0.487811
0.000200	0.467858
0.000210	0.494220
0.000220	0.469607
0.000230	0.504383
0.000240	0.476447
0.000250	0.449537
0.000260	0.442467
0.000270	0.430198
0.000280	0.429129
0.000290	0.425569
0.000300	0.436692
0.000310	0.416042
0.000320	0.403161
0.000330	0.394407
0.000340	0.374737
0.000350	0.371112
0.000360	0.372210
0.000370	0.366018
0.000380	0.370775
0.000390	0.355288
0.000400	0.355468
0.000410	0.340660
0.000420	0.348485
0.000430	0.310216
0.000440	0.331053
0.000450	0.323099
0.000460	0.323109
0.000470	0.323234
0.000480	0.301286
0.000490	0.298997
0.000500	0.287936
0.000510	0.273398
0.000520	0.280890
0.000530	0.288370
0.000540	0.274107
0.000550	0.278138
0.000560	0.276190
0.000570	0.268763
0.000580	0.277909
0.000590	0.272000
0.000600	0.265182
0.000610	0.261738
0.000620	0.258689
0.000630	0.264513
0.000640	0.246263
0.000650	0.249616
0.000660	0.239172
0.000670	0.230544
0.000680	0.235033
0.000690	0.219415
0.000700	0.213124
0.000710	0.211937
0.000720	0.214105
0.000730	0.204557
0.000740	0.207580
0.000750	0.206384
0.000760	0.201300
0.000770	0.203251
0.000780	0.202436
0.000790	0.204423
0.000800	0.200281
0.000810	0.196383
0.000820	0.187729
0.000830	0.184790
0.000840	0.172082
0.000850	0.178778
0.000860	0.197975
0.000870	0.193618
0.000880	0.191633
0.000890	0.200410
0.000900	0.190736
0.000910	0.195711
0.000920	0.181610
0.000930	0.181565
0.000940	0.182759
0.000950	0.186463
0.000960	0.182800
0.000970	0.184175
0.000980	0.184774
0.000990	0.178502
0.001000	0.180541
0.001010	0.176865
0.001020	0.173156
0.001030	0.165845
0.001040	0.163752
0.001050	0.146094
0.001060	0.144750
0.001070	0.142221
0.001080	0.143164
0.001090	0.145661
0.001100	0.145163
0.001110	0.130378
0.001120	0.130244
0.001130	0.128119
0.001140	0.129457
0.001150	0.131406
0.001160	0.139775
0.001170	0.144738
0.001180	0.146093
0.001190	0.147222
0.001200	0.145430
0.001210	0.150678
0.001220	0.134329
0.001230	0.124884
0.001240	0.117743
0.001250	0.113683
0.001260	0.113223
0.001270	0.122734
0.001280	0.114888
0.001290	0.113211
0.001300	0.110052
0.001310	0.114128
0.001320	0.113073
0.001330	0.113249
0.001340	0.104367
0.001350	0.101491
0.001360	0.102590
0.001370	0.102165
0.001380	0.100209
0.001390	0.103779
0.001400	0.104135
0.001410	0.104892
0.001420	0.106090
0.001430	0.100348
0.001440	0.104716
0.001450	0.095893
0.001460	0.096735
0.001470	0.094893
0.001480	0.099662
0.001490	0.097678
0.001500	0.101336
0.001510	0.096205
0.001520	0.096616
0.001530	0.092414
0.001540	0.097220
0.001550	0.093657
0.001560	0.090881
0.001570	0.092663
0.001580	0.083074
0.001590	0.080819
0.001600	0.076150
0.001610	0.073673
0.001620	0.075925
0.001630	0.083475
0.001640	0.083792
0.001650	0.088751
0.001660	0.084540
0.001670	0.084213
0.001680	0.079620
0.001690	0.080168
0.001700	0.069728
0.001710	0.069308
0.001720	0.065727
0.001730	0.066922
0.001740	0.066213
0.001750	0.073468
0.001760	0.077522
0.001770	0.079854
0.001780	0.080364
0.001790	0.086063
0.001800	0.088521
0.001810	0.087160
0.001820	0.084715
0.001830	0.083412
0.001840	0.082139
0.001850	0.076985
0.001860	0.074340
0.001870	0.073628
0.001880	0.073456
0.001890	0.074501
0.001900	0.076369
0.001910	0.071069
0.001920	0.074532
0.001930	0.075855
0.001940	0.077321
0.001950	0.079947
0.001960	0.084392
0.001970	0.080065
0.001980	0.081544
0.001990	0.084273
0.002000	0.076005
0.002010	0.068594
0.002020	0.061509
0.002030	0.057265
0.002040	0.057352
0.002050	0.058389
0.002060	0.058739
0.002070	0.063167
0.002080	0.057931
0.002090	0.054653
0.002100	0.056838
0.002110	0.053229
0.002120	0.053874
0.002130	0.055328
0.002140	0.053327
0.002150	0.052307
0.002160	0.058347
0.002170	0.060012
0.002180	0.061374
0.002190	0.065427
0.002200	0.065252
0.002210	0.062192
0.002220	0.065217
0.002230	0.062304
0.002240	0.058407
0.002250	0.063855
0.002260	0.063235
0.002270	0.067020
0.002280	0.066943
0.002290	0.067159
0.002300	0.069064
0.002310	0.065696
0.002320	0.058827
0.002330	0.058222
0.002340	0.058144
0.002350	0.059874
0.002360	0.059460
0.002370	0.060715
0.002380	0.057234
0.002390	0.056349
0.002400	0.054967
0.002410	0.051912
0.002420	0.051065
0.002430	0.053364
0.002440	0.050241
0.002450	0.051270
0.002460	0.050458
0.002470	0.050045
0.002480	0.050809
0.002490	0.047680
0.002500	0.045369
0.002510	0.044925
0.002520	0.045320
0.002530	0.047042
0.002540	0.048998
0.002550	0.047706
0.002560	0.048834
0.002570	0.053927
0.002580	0.059220
0.002590	0.057290
0.002600	0.056779
0.002610	0.054262
0.002620	0.053636
0.002630	0.051009
0.002640	0.048765
0.002650	0.047720
0.002660	0.050234
0.002670	0.051330
0.002680	0.049722
0.002690	0.050148
0.002700	0.048870
0.002710	0.050458
0.002720	0.054271
0.002730	0.055871
0.002740	0.058451
0.002750	0.060516
0.002760	0.059675
0.002770	0.057893
0.002780	0.058258
0.002790	0.056567
0.002800	0.056492
0.002810	0.061537
0.002820	0.064856
0.002830	0.063842
0.002840	0.062885
0.002850	0.066393
0.002860	0.063201
0.002870	0.059810
0.002880	0.055868
0.002890	0.055768
0.002900	0.055039
0.002910	0.050018
0.002920	0.050230
0.002930	0.049383
0.002940	0.046249
0.002950	0.048768
0.002960	0.052931
0.002970	0.055205
0.002980	0.053957
0.002990	0.050732
0.003000	0.054440
0.003010	0.050747
0.003020	0.051178
0.003030	0.047513
0.003040	0.043745
0.003050	0.048864
0.003060	0.052186
0.003070	0.050264
0.003080	0.054372
0.003090	0.052267
0.003100	0.048264
0.003110	0.048168
0.003120	0.045960
0.003130	0.044938
0.003140	0.045030
0.003150	0.046084
0.003160	0.051162
0.003170	0.047879
0.003180	0.043869
0.003190	0.045667
0.003200	0.046549
0.003210	0.043154
0.003220	0.041311
0.003230	0.042207
0.003240	0.041127
0.003250	0.042461
0.003260	0.042465
0.003270	0.037061
0.003280	0.038240
0.003290	0.042159
0.003300	0.039018
0.003310	0.039344
0.003320	0.037469
0.003330	0.035081
0.003340	0.039493
0.003350	0.040463
0.003360	0.041247
0.003370	0.043252
0.003380	0.041759
0.003390	0.045975
0.003400	0.046514
0.003410	0.042700
0.003420	0.040278
0.003430	0.044525
0.003440	0.048567
0.003450	0.048897
0.003460	0.050747
0.003470	0.053888
0.003480	0.054308
0.003490	0.053609
0.003500	0.050614
0.003510	0.047049
0.003520	0.047039
0.003530	0.045506
0.003540	0.043529
0.003550	0.042384
0.003560	0.042374
0.003570	0.040089
0.003580	0.039666
0.003590	0.034671
0.003600	0.036276
0.003610	0.036464
0.003620	0.037056
0.003630	0.040858
0.003640	0.041011
0.003650	0.036803
0.003660	0.037508
0.003670	0.037453
0.003680	0.040296
0.003690	0.037800
0.003700	0.037967
0.003710	0.039238
0.003720	0.037885
0.003730	0.037872
0.003740	0.038784
0.003750	0.039279
0.003760	0.040289
0.003770	0.038304
0.003780	0.038010
0.003790	0.039482
0.003800	0.036185
0.003810	0.033108
0.003820	0.032164
0.003830	0.031820
0.003840	0.034932
0.003850	0.032534
0.003860	0.034506
0.003870	0.034978
0.003880	0.032151
0.003890	0.031829
0.003900	0.028122
0.003910	0.031001
0.003920	0.031898
0.003930	0.031693
0.003940	0.031959
0.003950	0.033150
0.003960	0.030619
0.003970	0.030374
0.003980	0.028824
0.003990	0.031255
0.004000	0.033888
0.004010	0.035084
0.004020	0.038568
0.004030	0.038672
0.004040	0.036045
0.004050	0.036570
0.004060	0.035258
0.004070	0.035106
0.004080	0.030800
0.004090	0.029371
0.004100	0.031552
0.004110	0.029960
0.004120	0.030930
0.004130	0.028274
0.004140	0.027846
0.004150	0.030452
0.004160	0.029050
0.004170	0.029523
0.004180	0.030870
0.004190	0.029071
0.004200	0.026572
0.004210	0.023762
0.004220	0.025962
0.004230	0.029273
0.004240	0.032672
0.004250	0.032980
0.004260	0.036483
0.004270	0.033782
0.004280	0.033000
0.004290	0.034773
0.004300	0.031258
0.004310	0.028070
0.004320	0.028352
0.004330	0.028298
0.004340	0.028160
0.004350	0.026853
0.004360	0.025400
0.004370	0.024522
0.004380	0.024622
0.004390	0.025215
0.004400	0.023905
0.004410	0.024647
0.004420	0.025170
0.004430	0.023748
0.004440	0.023663
0.004450	0.026198
0.004460	0.027784
0.004470	0.032227
0.004480	0.031148
0.004490	0.031494
0.004500	0.029003
0.004510	0.025995
0.004520	0.027098
0.004530	0.025592
0.004540	0.026439
0.004550	0.028323
0.004560	0.028179
0.004570	0.032087
0.004580	0.028302
0.004590	0.026518
0.004600	0.023830
0.004610	0.027108
0.004620	0.028696
0.004630	0.030971
0.004640	0.031903
0.004650	0.034669
0.004660	0.036097
0.004670	0.035127
0.004680	0.035276
0.004690	0.033466
0.004700	0.034978
0.004710	0.034140
0.004720	0.032655
0.004730	0.034582
0.004740	0.031333
0.004750	0.030777
0.004760	0.029031
0.004770	0.027938
0.004780	0.030120
0.004790	0.029770
0.004800	0.032057
0.004810	0.031171
0.004820	0.028985
0.004830	0.027963
0.004840	0.028743
0.004850	0.027058
0.004860	0.027753
0.004870	0.026232
0.004880	0.027395
0.004890	0.028931
0.004900	0.027687
0.004910	0.028210
0.004920	0.029005
0.004930	0.028418
0.004940	0.030021
0.004950	0.029944
0.004960	0.030441
0.004970	0.028329
0.004980	0.025540
0.004990	0.024930
0.005000	0.023713
0.005010	0.027205
0.005020	0.027127
0.005030	0.027714
0.005040	0.029103
0.005050	0.028822
0.005060	0.026218
0.005070	0.025003
0.005080	0.022758
0.005090	0.021898
0.005100	0.022095
0.005110	0.024143
0.005120	0.025147
0.005130	0.024780
0.005140	0.022938
0.005150	0.024638
0.005160	0.021339
0.005170	0.020475
0.005180	0.020927
0.005190	0.022089
0.005200	0.022909
0.005210	0.022487
0.005220	0.023187
0.005230	0.022239
0.005240	0.023382
0.005250	0.024791
0.005260	0.023602
0.005270	0.024010
0.005280	0.024698
0.005290	0.023238
0.005300	0.021045
0.005310	0.020420
0.005320	0.020751
0.005330	0.019798
0.005340	0.020318
0.005350	0.019354
0.005360	0.020099
0.005370	0.017256
0.005380	0.018143
0.005390	0.016397
0.005400	0.014604
0.005410	0.016974
0.005420	0.018792
0.005430	0.021409
0.005440	0.021658
0.005450	0.021621
0.005460	0.020997
0.005470	0.021128
0.005480	0.020538
0.005490	0.016442
0.005500	0.016148
0.005510	0.014610
0.005520	0.014805
0.005530	0.014805
0.005540	0.015256
0.005550	0.016234
0.005560	0.016611
0.005570	0.017568
0.005580	0.017221
0.005590	0.017679
0.005600	0.016142
0.005610	0.015627
0.005620	0.016663
0.005630	0.015421
0.005640	0.016539
0.005650	0.017096
0.005660	0.019689
0.005670	0.020146
0.005680	0.018342
0.005690	0.018269
0.005700	0.017412
0.005710	0.016076
0.005720	0.014469
0.005730	0.016109
0.005740	0.016607
0.005750	0.016291
0.005760	0.017088
0.005770	0.014481
0.005780	0.014068
0.005790	0.013052
0.005800	0.014186
0.005810	0.015181
0.005820	0.015905
0.005830	0.018753
0.005840	0.017932
0.005850	0.016678
0.005860	0.015955
0.005870	0.014769
0.005880	0.014158
0.005890	0.013756
0.005900	0.013970
0.005910	0.012837
0.005920	0.013481
0.005930	0.013628
0.005940	0.015050
0.005950	0.012735
0.005960	0.014746
0.005970	0.014991
0.005980	0.016171
0.005990	0.017265
0.006000	0.016737
0.006010	0.017341
0.006020	0.018135
0.006030	0.017935
0.006040	0.019064
0.006050	0.020711
0.006060	0.022037
0.006070	0.020493
0.006080	0.020155
0.006090	0.019205
0.006100	0.019323
0.006110	0.020430
0.006120	0.019370
0.006130	0.019622
0.006140	0.018592
0.006150	0.018118
0.006160	0.017582
0.006170	0.016715
0.006180	0.015593
0.006190	0.016755
0.006200	0.018315
0.006210	0.021079
0.006220	0.022905
0.006230	0.022540
0.006240	0.021410
0.006250	0.021645
0.006260	0.020196
0.006270	0.018737
0.006280	0.019017
0.006290	0.018639
0.006300	0.018880
0.006310	0.018996
0.006320	0.019365
0.006330	0.018273
0.006340	0.018499
0.006350	0.015703
0.006360	0.017311
0.006370	0.016530
0.006380	0.017800
0.006390	0.017066
0.006400	0.017100
0.006410	0.017299
0.006420	0.018847
0.006430	0.019241
0.006440	0.020097
0.006450	0.021478
0.006460	0.022290
0.006470	0.021472
0.006480	0.021435
0.006490	0.020935
0.006500	0.019351
0.006510	0.019446
0.006520	0.020667
0.006530	0.021946
0.006540	0.021894
0.006550	0.022849
0.006560	0.021983
0.006570	0.022196
0.006580	0.021179
0.006590	0.022320
0.006600	0.022911
0.006610	0.022657
0.006620	0.022992
0.006630	0.022784
0.006640	0.023112
0.006650	0.022731
0.006660	0.021528
0.006670	0.020402
0.006680	0.019840
0.006690	0.020099
0.006700	0.018908
0.006710	0.018527
0.006720	0.018343
0.006730	0.017823
0.006740	0.018797
0.006750	0.018206
0.006760	0.018753
0.006770	0.017962
0.006780	0.017546
0.006790	0.016638
0.006800	0.017652
0.006810	0.017107
0.006820	0.018101
0.006830	0.019696
0.006840	0.019787
0.006850	0.019960
0.006860	0.019377
0.006870	0.019360
0.006880	0.018317
0.006890	0.016649
0.006900	0.015312
0.006910	0.014739
0.006920	0.016008
0.006930	0.016473
0.006940	0.017448
0.006950	0.016620
0.006960	0.016354
0.006970	0.016995
0.006980	0.016320
0.006990	0.017527
0.007000	0.018630
0.007010	0.018315
0.007020	0.017935
0.007030	0.018687
0.007040	0.018254
0.007050	0.016322
0.007060	0.015140
0.007070	0.015128
0.007080	0.015429
0.007090	0.015215
0.007100	0.015243
0.007110	0.016331
0.007120	0.015169
0.007130	0.014916
0.007140	0.013892
0.007150	0.014367
0.007160	0.013702
0.007170	0.014192
0.007180	0.013986
0.007190	0.014164
0.007200	0.014794
0.007210	0.015513
0.007220	0.015969
0.007230	0.016668
0.007240	0.016289
0.007250	0.016334
0.007260	0.016682
0.007270	0.016948
0.007280	0.015736
0.007290	0.015765
0.007300	0.015946
0.007310	0.016952
0.007320	0.017323
0.007330	0.016745
0.007340	0.016039
0.007350	0.014848
0.007360	0.013386
0.007370	0.012354
0.007380	0.014154
0.007390	0.014168
0.007400	0.015034
0.007410	0.015938
0.007420	0.016617
0.007430	0.016160
0.007440	0.016161
0.007450	0.015425
0.007460	0.016105
0.007470	0.015856
0.007480	0.017208
0.007490	0.017644
0.007500	0.017269
0.007510	0.016797
0.007520	0.016364
0.007530	0.015923
0.007540	0.014684
0.007550	0.015737
0.007560	0.014734
0.007570	0.014146
0.007580	0.013435
0.007590	0.013856
0.007600	0.013639
0.007610	0.014656
0.007620	0.014752
0.007630	0.016204
0.007640	0.015361
0.007650	0.015653
0.007660	0.014566
0.007670	0.013500
0.007680	0.011767
0.007690	0.011117
0.007700	0.010359
0.007710	0.011539
0.007720	0.011942
0.007730	0.012649
0.007740	0.012692
0.007750	0.012818
0.007760	0.012904
0.007770	0.012548
0.007780	0.013065
0.007790	0.013228
0.007800	0.012925
0.007810	0.012353
0.007820	0.011801
0.007830	0.011064
0.007840	0.010404
0.007850	0.009947
0.007860	0.010400
0.007870	0.009279
0.007880	0.009050
0.007890	0.009207
0.007900	0.010204
0.007910	0.010385
0.007920	0.011064
0.007930	0.011810
0.007940	0.011642
0.007950	0.012005
0.007960	0.011452
0.007970	0.011329
0.007980	0.009992
0.007990	0.009326
0.008000	0.010315
0.008010	0.012052
0.008020	0.012368
0.008030	0.012181
0.008040	0.012596
0.008050	0.012250
0.008060	0.011570
0.008070	0.011076
0.008080	0.009444
0.008090	0.009561
0.008100	0.010350
0.008110	0.010564
0.008120	0.010647
0.008130	0.011363
0.008140	0.010533
0.008150	0.010753
0.008160	0.010513
0.008170	0.010685
0.008180	0.011180
0.008190	0.011351
0.008200	0.012085
0.008210	0.012842
0.008220	0.011724
0.008230	0.011706
0.008240	0.012347
0.008250	0.012317
0.008260	0.012242
0.008270	0.012771
0.008280	0.013278
0.008290	0.013482
0.008300	0.013092
0.008310	0.012708
0.008320	0.012187
0.008330	0.011615
0.008340	0.011170
0.008350	0.011328
0.008360	0.012131
0.008370	0.012500
0.008380	0.012893
0.008390	0.013440
0.008400	0.013576
0.008410	0.014238
0.008420	0.014186
0.008430	0.014093
0.008440	0.014309
0.008450	0.013077
0.008460	0.012263
0.008470	0.012293
0.008480	0.013021
0.008490	0.013769
0.008500	0.014413
0.008510	0.014815
0.008520	0.015114
0.008530	0.014633
0.008540	0.014466
0.008550	0.013109
0.008560	0.012073
0.008570	0.012307
0.008580	0.012873
0.008590	0.013653
0.008600	0.013097
0.008610	0.012494
0.008620	0.012250
0.008630	0.012096
0.008640	0.011765
0.008650	0.012402
0.008660	0.012288
0.008670	0.012522
0.008680	0.012232
0.008690	0.011858
0.008700	0.011191
0.008710	0.010764
0.008720	0.011375
0.008730	0.012108
0.008740	0.012095
0.008750	0.011898
0.008760	0.011735
0.008770	0.011410
0.008780	0.011083
0.008790	0.011645
0.008800	0.011945
0.008810	0.012282
0.008820	0.012766
0.008830	0.012373
0.008840	0.012193
0.008850	0.011056
0.008860	0.010493
0.008870	0.009520
0.008880	0.009428
0.008890	0.009658
0.008900	0.010336
0.008910	0.010120
0.008920	0.010202
0.008930	0.010014
0.008940	0.010040
0.008950	0.010279
0.008960	0.010523
0.008970	0.010193
0.008980	0.009993
0.008990	0.009881
0.009000	0.009612
0.009010	0.009013
0.009020	0.008782
0.009030	0.008514
0.009040	0.008083
0.009050	0.008082
0.009060	0.007740
0.009070	0.007671
0.009080	0.006928
0.009090	0.006973
0.009100	0.007470
0.009110	0.008113
0.009120	0.008695
0.009130	0.008903
0.009140	0.008734
0.009150	0.008442
0.009160	0.007936
0.009170	0.007867
0.009180	0.008135
0.009190	0.008481
0.009200	0.008865
0.009210	0.009033
0.009220	0.009165
0.009230	0.009092
0.009240	0.008338
0.009250	0.007715
0.009260	0.006918
0.009270	0.006444
0.009280	0.007163
0.009290	0.007483
0.009300	0.008192
0.009310	0.008199
0.009320	0.008172
0.009330	0.007863
0.009340	0.007763
0.009350	0.007272
0.009360	0.007069
0.009370	0.007263
0.009380	0.007481
0.009390	0.007545
0.009400	0.007574
0.009410	0.007352
0.009420	0.007380
0.009430	0.007277
0.009440	0.007383
0.009450	0.007471
0.009460	0.007811
0.009470	0.007858
0.009480	0.007808
0.009490	0.007488
0.009500	0.007108
0.009510	0.007112
0.009520	0.006925
0.009530	0.007103
0.009540	0.007122
0.009550	0.007152
0.009560	0.007276
0.009570	0.007437
0.009580	0.007761
0.009590	0.007709
0.009600	0.007913
0.009610	0.007772
0.009620	0.007907
0.009630	0.007557
0.009640	0.006846
0.009650	0.006472
0.009660	0.005926
0.009670	0.006642
0.009680	0.007199
0.009690	0.007782
0.009700	0.008050
0.009710	0.007689
0.009720	0.007492
0.009730	0.007100
0.009740	0.006520
0.009750	0.006123
0.009760	0.006352
0.009770	0.006400
0.009780	0.006436
0.009790	0.006475
0.009800	0.006501
0.009810	0.006715
0.009820	0.006847
0.009830	0.007021
0.009840	0.007146
0.009850	0.007364
0.009860	0.007602
0.009870	0.006821
0.009880	0.006562
0.009890	0.006465
0.009900	0.006829
0.009910	0.007205
0.009920	0.007667
0.009930	0.007921
0.009940	0.007999
0.009950	0.007718
0.009960	0.007749
0.009970	0.007562
0.009980	0.007665
0.009990	0.007862
