0.000000	1.000000
0.000010	0.899410
0.000020	0.867606
0.000030	0.820492
0.000040	0.769897
0.000050	0.709873
0.000060	0.657079
0.000070	0.615396
0.000080	0.600555
0.000090	0.586952
0.000100	0.576059
0.000110	0.549369
0.000120	0.518953
0.000130	0.502237
0.000140	0.506194
0.000150	0.487185
0.000160	0.486433
0.000170	0.478063
0.000180	0.477839
0.000190	0.486771
0.000200	0.479655
0.000210	0.488604
0.000220	0.478569
0.000230	0.483187
0.000240	0.463467
0.000250	0.440484
0.000260	0.440998
0.000270	0.432605
0.000280	0.427065
0.000290	0.423086
0.000300	0.424271
0.000310	0.413275
0.000320	0.394036
0.000330	0.387563
0.000340	0.363085
0.000350	0.368770
0.000360	0.381510
0.000370	0.383528
0.000380	0.385609
0.000390	0.393553
0.000400	0.395101
0.000410	0.373099
0.000420	0.356476
0.000430	0.347863
0.000440	0.326175
0.000450	0.303765
0.000460	0.295282
0.000470	0.272721
0.000480	0.272095
0.000490	0.277758
0.000500	0.264832
0.000510	0.253848
0.000520	0.253042
0.000530	0.253331
0.000540	0.268585
0.000550	0.265049
0.000560	0.249319
0.000570	0.242258
0.000580	0.239554
0.000590	0.252769
0.000600	0.239116
0.000610	0.236117
0.000620	0.229239
0.000630	0.230136
0.000640	0.218704
0.000650	0.214647
0.000660	0.220791
0.000670	0.225601
0.000680	0.226294
0.000690	0.228464
0.000700	0.229987
0.000710	0.223271
0.000720	0.216205
0.000730	0.221978
0.000740	0.201450
0.000750	0.202877
0.000760	0.206578
0.000770	0.210721
0.000780	0.216072
0.000790	0.213470
0.000800	0.213038
0.000810	0.216344
0.000820	0.198596
0.000830	0.203940
0.000840	0.196720
0.000850	0.206073
0.000860	0.201062
0.000870	0.196555
0.000880	0.199278
0.000890	0.214609
0.000900	0.208237
0.000910	0.218056
0.000920	0.224024
0.000930	0.221381
0.000940	0.222968
0.000950	0.225090
0.000960	0.209427
0.000970	0.209743
0.000980	0.197187
0.000990	0.201567
0.001000	0.200465
0.001010	0.195207
0.001020	0.179871
0.001030	0.170191
0.001040	0.157817
0.001050	0.140265
0.001060	0.140424
0.001070	0.145481
0.001080	0.144132
0.001090	0.144290
0.001100	0.132505
0.001110	0.128675
0.001120	0.124771
0.001130	0.110387
0.001140	0.108110
0.001150	0.109388
0.001160	0.113890
0.001170	0.121746
0.001180	0.118708
0.001190	0.124181
0.001200	0.125748
0.001210	0.121865
0.001220	0.125033
0.001230	0.106080
0.001240	0.101897
0.001250	0.098801
0.001260	0.095091
0.001270	0.092659
0.001280	0.093333
0.001290	0.092465
0.001300	0.096568
0.001310	0.101983
0.001320	0.101566
0.001330	0.106696
0.001340	0.104159
0.001350	0.104276
0.001360	0.101600
0.001370	0.088957
0.001380	0.088570
0.001390	0.090186
0.001400	0.096390
0.001410	0.088848
0.001420	0.086481
0.001430	0.081773
0.001440	0.079951
0.001450	0.072898
0.001460	0.077296
0.001470	0.081792
0.001480	0.083531
0.001490	0.088203
0.001500	0.087306
0.001510	0.085357
0.001520	0.086846
0.001530	0.079848
0.001540	0.076896
0.001550	0.075975
0.001560	0.075040
0.001570	0.071993
0.001580	0.078548
0.001590	0.080912
0.001600	0.081293
0.001610	0.079944
0.001620	0.078936
0.001630	0.076004
0.001640	0.073491
0.001650	0.071327
0.001660	0.079886
0.001670	0.075326
0.001680	0.076375
0.001690	0.077218
0.001700	0.081717
0.001710	0.081075
0.001720	0.079199
0.001730	0.078702
0.001740	0.085278
0.001750	0.083344
0.001760	0.086401
0.001770	0.081988
0.001780	0.086038
0.001790	0.088644
0.001800	0.099976
0.001810	0.099709
0.001820	0.101561
0.001830	0.100245
0.001840	0.099886
0.001850	0.103692
0.001860	0.106045
0.001870	0.107807
0.001880	0.113095
0.001890	0.118215
0.001900	0.120632
0.001910	0.110589
0.001920	0.108032
0.001930	0.101383
0.001940	0.098375
0.001950	0.099794
0.001960	0.088385
0.001970	0.084789
0.001980	0.081778
0.001990	0.077229
0.002000	0.075509
0.002010	0.071708
0.002020	0.065000
0.002030	0.063155
0.002040	0.058450
0.002050	0.057930
0.002060	0.060864
0.002070	0.058750
0.002080	0.060686
0.002090	0.063733
0.002100	0.059588
0.002110	0.063484
0.002120	0.061471
0.002130	0.059367
0.002140	0.058719
0.002150	0.059880
0.002160	0.062257
0.002170	0.054126
0.002180	0.058074
0.002190	0.061922
0.002200	0.060302
0.002210	0.063168
0.002220	0.060986
0.002230	0.061639
0.002240	0.056759
0.002250	0.061163
0.002260	0.057263
0.002270	0.056065
0.002280	0.056277
0.002290	0.061280
0.002300	0.057385
0.002310	0.055107
0.002320	0.054310
0.002330	0.052486
0.002340	0.051538
0.002350	0.054393
0.002360	0.053030
0.002370	0.054620
0.002380	0.053287
0.002390	0.054865
0.002400	0.055048
0.002410	0.056216
0.002420	0.055994
0.002430	0.055581
0.002440	0.061933
0.002450	0.050952
0.002460	0.048504
0.002470	0.046479
0.002480	0.048328
0.002490	0.054442
0.002500	0.054192
0.002510	0.057232
0.002520	0.058209
0.002530	0.059208
0.002540	0.056810
0.002550	0.059231
0.002560	0.052650
0.002570	0.047685
0.002580	0.050991
0.002590	0.053149
0.002600	0.052369
0.002610	0.052471
0.002620	0.049807
0.002630	0.047075
0.002640	0.045699
0.002650	0.048852
0.002660	0.044771
0.002670	0.050065
0.002680	0.044698
0.002690	0.050191
0.002700	0.050190
0.002710	0.050689
0.002720	0.048020
0.002730	0.048456
0.002740	0.053200
0.002750	0.060825
0.002760	0.059958
0.002770	0.058574
0.002780	0.065437
0.002790	0.066964
0.002800	0.072784
0.002810	0.075759
0.002820	0.079808
0.002830	0.078994
0.002840	0.081420
0.002850	0.075627
0.002860	0.074052
0.002870	0.068485
0.002880	0.071522
0.002890	0.075124
0.002900	0.076710
0.002910	0.075869
0.002920	0.078096
0.002930	0.072487
0.002940	0.069615
0.002950	0.065185
0.002960	0.059592
0.002970	0.053549
0.002980	0.059257
0.002990	0.058420
0.003000	0.062981
0.003010	0.066066
0.003020	0.067683
0.003030	0.066041
0.003040	0.065411
0.003050	0.065708
0.003060	0.063710
0.003070	0.062871
0.003080	0.060534
0.003090	0.057402
0.003100	0.056614
0.003110	0.050862
0.003120	0.046737
0.003130	0.045694
0.003140	0.046479
0.003150	0.045785
0.003160	0.043889
0.003170	0.043002
0.003180	0.040356
0.003190	0.043095
0.003200	0.046910
0.003210	0.049722
0.003220	0.049707
0.003230	0.049777
0.003240	0.047993
0.003250	0.046174
0.003260	0.045308
0.003270	0.040020
0.003280	0.047487
0.003290	0.050189
0.003300	0.050853
0.003310	0.051085
0.003320	0.048935
0.003330	0.050232
0.003340	0.046389
0.003350	0.047476
0.003360	0.046851
0.003370	0.043114
0.003380	0.045405
0.003390	0.040767
0.003400	0.044275
0.003410	0.043285
0.003420	0.042436
0.003430	0.042241
0.003440	0.046090
0.003450	0.048058
0.003460	0.045386
0.003470	0.046164
0.003480	0.046519
0.003490	0.044730
0.003500	0.047674
0.003510	0.046771
0.003520	0.045677
0.003530	0.044137
0.003540	0.042403
0.003550	0.041863
0.003560	0.040135
0.003570	0.032160
0.003580	0.031395
0.003590	0.034633
0.003600	0.035095
0.003610	0.035533
0.003620	0.032885
0.003630	0.031441
0.003640	0.031328
0.003650	0.028556
0.003660	0.024313
0.003670	0.027235
0.003680	0.031618
0.003690	0.036745
0.003700	0.039045
0.003710	0.043306
0.003720	0.044050
0.003730	0.044643
0.003740	0.047539
0.003750	0.053248
0.003760	0.053352
0.003770	0.056543
0.003780	0.053731
0.003790	0.051039
0.003800	0.046957
0.003810	0.042933
0.003820	0.038036
0.003830	0.041191
0.003840	0.045741
0.003850	0.045935
0.003860	0.046016
0.003870	0.042829
0.003880	0.039758
0.003890	0.038698
0.003900	0.036894
0.003910	0.037698
0.003920	0.033356
0.003930	0.033770
0.003940	0.032721
0.003950	0.034570
0.003960	0.032342
0.003970	0.029713
0.003980	0.027089
0.003990	0.030296
0.004000	0.029917
0.004010	0.030851
0.004020	0.031286
0.004030	0.026496
0.004040	0.024997
0.004050	0.021014
0.004060	0.019413
0.004070	0.023782
0.004080	0.024092
0.004090	0.026238
0.004100	0.025812
0.004110	0.026907
0.004120	0.020602
0.004130	0.020513
0.004140	0.024745
0.004150	0.022996
0.004160	0.023356
0.004170	0.024721
0.004180	0.026750
0.004190	0.022959
0.004200	0.022992
0.004210	0.021704
0.004220	0.020195
0.004230	0.019444
0.004240	0.022375
0.004250	0.022630
0.004260	0.021901
0.004270	0.022218
0.004280	0.020433
0.004290	0.022107
0.004300	0.024628
0.004310	0.024179
0.004320	0.023999
0.004330	0.024105
0.004340	0.025592
0.004350	0.027183
0.004360	0.021784
0.004370	0.019102
0.004380	0.018161
0.004390	0.019000
0.004400	0.020193
0.004410	0.022100
0.004420	0.020025
0.004430	0.018611
0.004440	0.019244
0.004450	0.020351
0.004460	0.020224
0.004470	0.021227
0.004480	0.024686
0.004490	0.024271
0.004500	0.027600
0.004510	0.023488
0.004520	0.022768
0.004530	0.022495
0.004540	0.023239
0.004550	0.023145
0.004560	0.026141
0.004570	0.025186
0.004580	0.024932
0.004590	0.023200
0.004600	0.024954
0.004610	0.023664
0.004620	0.025366
0.004630	0.023844
0.004640	0.025886
0.004650	0.025960
0.004660	0.027792
0.004670	0.026607
0.004680	0.028355
0.004690	0.030893
0.004700	0.035863
0.004710	0.039056
0.004720	0.041236
0.004730	0.043351
0.004740	0.043226
0.004750	0.044590
0.004760	0.042703
0.004770	0.039426
0.004780	0.039597
0.004790	0.037168
0.004800	0.035140
0.004810	0.032185
0.004820	0.026956
0.004830	0.022366
0.004840	0.023520
0.004850	0.022844
0.004860	0.023012
0.004870	0.022813
0.004880	0.025117
0.004890	0.024152
0.004900	0.026239
0.004910	0.023800
0.004920	0.022647
0.004930	0.022958
0.004940	0.028062
0.004950	0.029795
0.004960	0.031274
0.004970	0.031745
0.004980	0.028797
0.004990	0.031087
0.005000	0.028553
0.005010	0.025119
0.005020	0.025335
0.005030	0.024638
0.005040	0.023815
0.005050	0.023547
0.005060	0.020493
0.005070	0.018938
0.005080	0.020246
0.005090	0.020365
0.005100	0.022291
0.005110	0.025923
0.005120	0.022674
0.005130	0.024837
0.005140	0.022409
0.005150	0.024518
0.005160	0.025435
0.005170	0.024726
0.005180	0.026044
0.005190	0.027526
0.005200	0.023929
0.005210	0.024164
0.005220	0.020424
0.005230	0.018057
0.005240	0.019768
0.005250	0.022155
0.005260	0.024120
0.005270	0.024309
0.005280	0.023921
0.005290	0.024483
0.005300	0.025355
0.005310	0.022483
0.005320	0.018559
0.005330	0.019816
0.005340	0.020417
0.005350	0.021574
0.005360	0.022058
0.005370	0.022933
0.005380	0.023086
0.005390	0.024010
0.005400	0.023686
0.005410	0.023631
0.005420	0.024731
0.005430	0.023352
0.005440	0.024673
0.005450	0.024214
0.005460	0.021253
0.005470	0.021401
0.005480	0.017914
0.005490	0.019682
0.005500	0.018882
0.005510	0.020561
0.005520	0.018433
0.005530	0.018266
0.005540	0.018518
0.005550	0.017674
0.005560	0.019192
0.005570	0.023011
0.005580	0.021595
0.005590	0.023250
0.005600	0.024873
0.005610	0.025316
0.005620	0.023147
0.005630	0.024295
0.005640	0.026470
0.005650	0.031009
0.005660	0.032941
0.005670	0.037144
0.005680	0.036881
0.005690	0.034780
0.005700	0.035395
0.005710	0.031586
0.005720	0.026773
0.005730	0.023473
0.005740	0.022158
0.005750	0.023017
0.005760	0.022212
0.005770	0.020721
0.005780	0.020238
0.005790	0.020354
0.005800	0.022186
0.005810	0.021726
0.005820	0.020723
0.005830	0.022234
0.005840	0.024116
0.005850	0.022456
0.005860	0.022154
0.005870	0.021283
0.005880	0.022028
0.005890	0.022248
0.005900	0.023161
0.005910	0.023353
0.005920	0.022190
0.005930	0.021243
0.005940	0.024511
0.005950	0.026905
0.005960	0.031033
0.005970	0.033776
0.005980	0.032640
0.005990	0.032849
0.006000	0.033141
0.006010	0.030126
0.006020	0.027262
0.006030	0.026978
0.006040	0.029589
0.006050	0.030667
0.006060	0.035383
0.006070	0.035102
0.006080	0.036808
0.006090	0.035753
0.006100	0.035873
0.006110	0.035251
0.006120	0.032165
0.006130	0.029776
0.006140	0.030210
0.006150	0.031949
0.006160	0.033768
0.006170	0.035483
0.006180	0.037530
0.006190	0.040915
0.006200	0.042969
0.006210	0.042804
0.006220	0.042738
0.006230	0.042412
0.006240	0.041290
0.006250	0.040689
0.006260	0.039435
0.006270	0.039725
0.006280	0.040229
0.006290	0.039538
0.006300	0.041724
0.006310	0.036949
0.006320	0.034835
0.006330	0.033369
0.006340	0.036169
0.006350	0.039379
0.006360	0.043086
0.006370	0.043702
0.006380	0.043869
0.006390	0.043037
0.006400	0.040334
0.006410	0.036015
0.006420	0.031254
0.006430	0.029273
0.006440	0.028828
0.006450	0.029066
0.006460	0.031377
0.006470	0.029132
0.006480	0.028353
0.006490	0.027532
0.006500	0.027141
0.006510	0.027114
0.006520	0.025492
0.006530	0.025437
0.006540	0.024616
0.006550	0.026844
0.006560	0.028649
0.006570	0.029185
0.006580	0.030624
0.006590	0.031858
0.006600	0.032796
0.006610	0.032180
0.006620	0.030796
0.006630	0.029097
0.006640	0.027773
0.006650	0.026950
0.006660	0.027068
0.006670	0.026862
0.006680	0.026464
0.006690	0.027713
0.006700	0.025876
0.006710	0.022768
0.006720	0.019416
0.006730	0.018425
0.006740	0.018236
0.006750	0.018600
0.006760	0.018613
0.006770	0.020025
0.006780	0.020539
0.006790	0.020566
0.006800	0.017143
0.006810	0.015111
0.006820	0.013294
0.006830	0.010866
0.006840	0.010360
0.006850	0.011486
0.006860	0.010848
0.006870	0.010462
0.006880	0.009429
0.006890	0.010141
0.006900	0.007212
0.006910	0.007500
0.006920	0.006925
0.006930	0.007006
0.006940	0.006821
0.006950	0.008514
0.006960	0.010362
0.006970	0.011700
0.006980	0.012516
0.006990	0.013332
0.007000	0.014527
0.007010	0.013598
0.007020	0.012229
0.007030	0.010966
0.007040	0.008940
0.007050	0.009109
0.007060	0.009326
0.007070	0.008948
0.007080	0.009901
0.007090	0.010105
0.007100	0.010631
0.007110	0.009771
0.007120	0.008257
0.007130	0.008699
0.007140	0.009615
0.007150	0.011831
0.007160	0.012597
0.007170	0.013612
0.007180	0.013116
0.007190	0.013709
0.007200	0.011823
0.007210	0.010192
0.007220	0.008841
0.007230	0.007148
0.007240	0.007023
0.007250	0.007212
0.007260	0.006761
0.007270	0.008203
0.007280	0.009301
0.007290	0.009374
0.007300	0.010000
0.007310	0.011305
0.007320	0.010850
0.007330	0.010331
0.007340	0.010196
0.007350	0.011358
0.007360	0.013223
0.007370	0.015405
0.007380	0.015550
0.007390	0.016026
0.007400	0.016239
0.007410	0.015769
0.007420	0.014572
0.007430	0.013662
0.007440	0.012799
0.007450	0.012522
0.007460	0.013757
0.007470	0.014724
0.007480	0.015792
0.007490	0.016899
0.007500	0.017928
0.007510	0.017610
0.007520	0.017776
0.007530	0.017624
0.007540	0.019644
0.007550	0.021413
0.007560	0.021457
0.007570	0.021344
0.007580	0.021009
0.007590	0.020559
0.007600	0.019892
0.007610	0.018088
0.007620	0.017140
0.007630	0.017720
0.007640	0.016365
0.007650	0.016879
0.007660	0.017497
0.007670	0.017312
0.007680	0.017858
0.007690	0.018103
0.007700	0.019031
0.007710	0.018089
0.007720	0.018140
0.007730	0.017310
0.007740	0.016676
0.007750	0.016806
0.007760	0.019443
0.007770	0.021306
0.007780	0.022929
0.007790	0.023364
0.007800	0.023704
0.007810	0.022713
0.007820	0.021438
0.007830	0.019451
0.007840	0.017563
0.007850	0.017449
0.007860	0.018675
0.007870	0.018315
0.007880	0.018934
0.007890	0.018946
0.007900	0.018563
0.007910	0.018599
0.007920	0.017803
0.007930	0.018146
0.007940	0.018975
0.007950	0.020092
0.007960	0.020388
0.007970	0.020553
0.007980	0.020142
0.007990	0.020151
0.008000	0.020404
0.008010	0.019697
0.008020	0.019427
0.008030	0.019698
0.008040	0.020835
0.008050	0.022180
0.008060	0.023289
0.008070	0.024119
0.008080	0.024838
0.008090	0.026036
0.008100	0.026099
0.008110	0.026067
0.008120	0.025470
0.008130	0.023623
0.008140	0.022182
0.008150	0.020772
0.008160	0.021537
0.008170	0.022682
0.008180	0.024072
0.008190	0.025136
0.008200	0.025746
0.008210	0.024649
0.008220	0.025024
0.008230	0.023349
0.008240	0.022468
0.008250	0.022025
0.008260	0.022007
0.008270	0.022243
0.008280	0.022713
0.008290	0.022483
0.008300	0.021490
0.008310	0.021275
0.008320	0.021420
0.008330	0.021774
0.008340	0.022544
0.008350	0.023356
0.008360	0.023481
0.008370	0.022523
0.008380	0.022244
0.008390	0.022260
0.008400	0.021886
0.008410	0.021915
0.008420	0.021333
0.008430	0.021797
0.008440	0.022985
0.008450	0.025087
0.008460	0.027101
0.008470	0.028213
0.008480	0.030145
0.008490	0.031644
0.008500	0.031877
0.008510	0.031736
0.008520	0.031085
0.008530	0.029524
0.008540	0.027294
0.008550	0.025680
0.008560	0.023759
0.008570	0.024165
0.008580	0.024499
0.008590	0.025200
0.008600	0.023846
0.008610	0.023485
0.008620	0.022419
0.008630	0.021685
0.008640	0.021145
0.008650	0.020670
0.008660	0.020930
0.008670	0.021453
0.008680	0.021211
0.008690	0.021209
0.008700	0.021333
0.008710	0.022302
0.008720	0.022902
0.008730	0.022890
0.008740	0.023172
0.008750	0.022434
0.008760	0.021414
0.008770	0.020175
0.008780	0.019382
0.008790	0.018892
0.008800	0.018679
0.008810	0.018364
0.008820	0.017711
0.008830	0.017571
0.008840	0.017817
0.008850	0.019103
0.008860	0.019817
0.008870	0.020070
0.008880	0.020736
0.008890	0.020808
0.008900	0.020699
0.008910	0.019877
0.008920	0.019000
0.008930	0.017900
0.008940	0.016869
0.008950	0.015918
0.008960	0.014595
0.008970	0.014884
0.008980	0.015044
0.008990	0.015199
0.009000	0.015223
0.009010	0.015023
0.009020	0.014572
0.009030	0.014564
0.009040	0.014473
0.009050	0.014693
0.009060	0.014402
0.009070	0.014169
0.009080	0.013787
0.009090	0.013168
0.009100	0.013194
0.009110	0.013497
0.009120	0.013655
0.009130	0.013709
0.009140	0.013770
0.009150	0.013357
0.009160	0.013160
0.009170	0.013036
0.009180	0.013374
0.009190	0.013811
0.009200	0.014096
0.009210	0.014182
0.009220	0.013896
0.009230	0.013299
0.009240	0.013204
0.009250	0.014173
0.009260	0.015270
0.009270	0.016056
0.009280	0.016650
0.009290	0.017133
0.009300	0.017137
0.009310	0.016733
0.009320	0.015979
0.009330	0.014955
0.009340	0.013776
0.009350	0.012646
0.009360	0.011682
0.009370	0.011262
0.009380	0.011319
0.009390	0.011430
0.009400	0.012022
0.009410	0.012744
0.009420	0.013611
0.009430	0.014377
0.009440	0.015122
0.009450	0.015397
0.009460	0.015407
0.009470	0.015097
0.009480	0.014739
0.009490	0.014450
0.009500	0.014298
0.009510	0.014127
0.009520	0.013741
0.009530	0.013067
0.009540	0.012173
0.009550	0.011245
0.009560	0.010739
0.009570	0.010620
0.009580	0.010798
0.009590	0.010909
0.009600	0.011089
0.009610	0.011116
0.009620	0.010847
0.009630	0.010405
0.009640	0.010149
0.009650	0.010567
0.009660	0.011562
0.009670	0.012503
0.009680	0.013242
0.009690	0.013522
0.009700	0.013416
0.009710	0.012881
0.009720	0.011954
0.009730	0.010760
0.009740	0.009656
0.009750	0.008598
0.009760	0.007934
0.009770	0.007528
0.009780	0.007375
0.009790	0.007435
0.009800	0.007690
0.009810	0.007985
0.009820	0.008032
0.009830	0.007963
0.009840	0.007836
0.009850	0.007552
0.009860	0.007283
0.009870	0.006810
0.009880	0.006516
0.009890	0.006392
0.009900	0.006313
0.009910	0.006217
0.009920	0.006259
0.009930	0.005934
0.009940	0.005575
0.009950	0.005128
0.009960	0.004876
0.009970	0.005503
0.009980	0.005944
0.009990	0.006380
