-8.211597381861664382e-07 -5.294060881140463887e-28
4.905682740833153424e-07 6.810555747360901644e-12
6.795945815282624278e-07 2.229010479219342203e-11
5.049360352806950836e+00 1.321001685366026775e-17
5.049360737815079325e+00 1.320457131358574076e-17
6.037956321763334522e+00 3.085247614049557167e-18
6.037956784100407148e+00 3.084931047406600658e-18
6.668039097335053178e+00 2.665509703478924272e-16
7.234247203702699025e+00 1.798132683039201539e-14
7.234247436098677930e+00 1.798125097326925405e-14
7.773602876424282826e+00 2.886513664791831214e-15
7.995289296153647918e+00 1.329718673221138658e-15
7.995289544097246015e+00 1.329731277278579939e-15
9.396765193219373202e+00 2.860759666461123068e-15
9.396765638372238882e+00 2.860832148189536211e-15
9.808653137861854887e+00 1.482897579896614541e-16
9.986040277261713172e+00 1.297314014257662304e-16
9.986040398369478766e+00 1.297212325236774782e-16
1.007555542321234121e+01 3.891331282734781169e-14
1.007555563924240971e+01 3.891356669295633668e-14
1.023604040259831827e+01 6.316248968813368035e-15
1.046144046671386718e+01 1.540193773316205977e-14
1.046144106243313843e+01 1.540192729698974414e-14
1.049396794513008224e+01 2.907001558573534359e-14
1.064353785038198730e+01 5.842415112658741372e-15
1.064353794203110404e+01 5.842260058348976826e-15
1.070254708512853803e+01 5.339285292798642554e-14
1.087432609466193334e+01 4.042452027739808046e-13
1.087432623336305504e+01 4.042456813503783977e-13
1.091581235831236008e+01 2.244698666846473190e-13
1.091581268235745483e+01 2.244713805170057358e-13
1.114240535354316997e+01 6.928215130352094187e-13
1.126830688246710110e+01 3.172623640258768862e+00
1.197554614862900557e+01 5.874625979229808741e-13
1.197554616499491864e+01 5.874850051263305716e-13
1.203115071680906212e+01 7.305449403385123357e-14
1.203115140785978454e+01 7.305212297432655788e-14
1.245829914435118191e+01 8.383168840359437208e-14
1.256439552906106627e+01 2.166730768394999007e+00
1.271507977712718684e+01 2.329541037571135961e-14
1.271507996656263728e+01 2.329466686232435667e-14
1.276841382922076029e+01 3.904474988960405419e-12
1.276841402029280381e+01 3.904486098109352519e-12
1.283714776579678762e+01 1.729037990309988552e-13
1.283714790490706115e+01 1.729104753373615677e-13
1.291384892474416723e+01 1.992424453871375079e+01
1.297887972344169150e+01 1.193684369714070316e-11
1.297887977499432210e+01 1.193722775820916045e-11
1.300761199957556613e+01 1.931040026299650016e-12
1.335910735685461859e+01 7.060024304083460284e-15
1.335910754833580860e+01 7.062153149782767439e-15
1.337519585599213734e+01 9.193599458204151000e-13
1.352103635934664716e+01 7.627794974671589252e-15
1.352103637039364159e+01 7.627967919237440859e-15
1.360583370611393761e+01 1.638677059420710120e-13
1.379398544734248055e+01 1.284077319373841942e-13
1.379398571901665349e+01 1.284107939675650194e-13
1.380629530322951481e+01 3.517778273903489165e-17
1.396808313784745081e+01 1.217912306664137079e+00
1.398628559182773934e+01 8.478366907243671793e-16
1.398628589296056290e+01 8.467399463119277890e-16
1.415043115607906365e+01 4.078658118919494614e-13
1.420789220481375992e+01 2.137778163746068837e-13
1.441661372785543271e+01 4.012754635416075899e-11
1.441661376099640890e+01 4.012637696432898356e-11
1.443784505469261426e+01 5.580090403345236538e+00
1.473899758581371344e+01 6.981850055699290436e-14
1.473899772246909734e+01 6.981862001402215574e-14
1.479838802770509432e+01 5.282378854013540510e-14
1.479838808007601969e+01 5.282244929108647762e-14
1.492204094427277816e+01 1.095786750639658630e-14
1.492204111938805688e+01 1.095533480026596011e-14
1.493558539848312705e+01 2.689840387257773704e-02
1.501546393131843971e+01 2.786727625849249329e-14
1.501546410929775455e+01 2.785899382126870173e-14
1.501998189246235249e+01 4.255247302775648191e-13
1.508006239084582667e+01 1.519482171478231031e-12
1.514203792665002979e+01 1.877267478825594307e-12
1.514203806535115149e+01 1.877261246890985864e-12
1.529276797472665983e+01 3.195210858375127305e+00
1.543613631429431088e+01 4.971317878576261299e-10
1.543794127004169958e+01 4.456884597829399719e-01
1.552481628801113089e+01 7.588809867588764211e-13
1.552481638375172857e+01 7.588822801646992502e-13
1.553994470984955889e+01 4.547659465866346328e-13
1.553994473562587153e+01 4.547573701787858496e-13
1.568843820929433797e+01 3.937095990642482194e-15
1.568843832835636576e+01 3.937367983679427803e-15
1.586151159487961593e+01 1.571966309967079785e-14
1.586151181704690138e+01 1.571878682732383094e-14
1.589072034537153399e+01 1.545615774565820264e-13
1.601864724126370021e+01 1.316851094445647963e-01
1.623113530168922125e+01 3.000057043821725720e-16
1.624477561801376879e+01 2.578538096151540648e-14
1.624477565033644311e+01 2.578451299383666764e-14
1.635092237700713724e+01 5.848866565677123723e-04
1.635562278208786324e+01 1.986054772169139594e-14
1.635562296988672415e+01 1.986019326144900809e-14
1.637003178452947338e+01 1.340019065704228287e-13
1.661125352160196655e+01 4.822241050422604787e-14
1.661125367912388739e+01 4.822245354241845055e-14
1.675879386612015765e+01 8.684431410896119654e-14
1.675879389680624953e+01 8.684451487651591720e-14
1.683244519115705984e+01 1.292586480023248229e-03
1.688628567541435999e+01 1.145432567450075637e-13
1.688628584071009442e+01 1.145423892291175211e-13
1.702022333948229260e+01 3.333548619152987280e-01
1.702124647382997935e+01 2.720572407629075917e-10
1.702124658429990234e+01 2.720115173808046307e-10
1.706968969402229064e+01 9.036133416253921860e-13
1.706968972266264473e+01 9.036590911175778645e-13
1.722959375342325927e+01 3.174910071489252460e-14
1.725138499582219254e+01 8.180796190498610398e-01
1.725501957484094362e+01 1.391232121854880452e-09
1.725501977655083863e+01 1.391241221997014695e-09
1.727399634031211662e+01 2.976245904591123814e-01
1.740240873800052412e+01 2.060104575942746421e-15
1.745253009692702051e+01 1.480081973790246001e-13
1.745253038333051876e+01 1.480049454517453121e-13
1.757622034046235981e+01 1.390148360130968319e-01
1.762461192046772140e+01 6.529195319509346361e-13
1.762461195319955110e+01 6.529658497137257561e-13
1.765904341423597046e+01 7.696863324547011211e-14
1.786866573150792803e+01 2.015011839125503711e-14
1.786866591194213427e+01 2.015014157709432650e-14
1.791594740058861390e+01 3.511591626944925160e-02
1.829197101241330969e+01 5.283176369201545239e-18
1.829197112738385655e+01 5.283207740776290286e-18
1.843154297503514982e+01 3.795847825227154088e-17
1.862533019070852092e+01 3.153847583608555133e-03
1.864116026428915518e+01 8.953932477132077680e-14
1.864116042999403433e+01 8.953872268321956138e-14
1.890305200762335858e+01 3.464497995197596963e-02
1.891033189883645349e+01 2.863982495461243732e-12
1.891033212427691979e+01 2.863843686627605718e-12
1.899877261639152692e+01 1.523627555957362537e-13
1.899877267530881753e+01 1.523622579915018894e-13
1.905074446267493826e+01 1.867488185217446896e-03
1.919759257444361111e+01 1.724301852624198772e-01
1.921518395465137985e+01 1.531121064578729568e-12
1.921518395956115555e+01 1.531514089769341274e-12
1.926079235549389779e+01 5.350852101749329214e-15
1.929071393073754948e+01 1.565118080392432771e-13
1.929071403220621761e+01 1.565108866103619641e-13
1.938166910323801773e+01 7.660590557714354414e-15
1.938166942196419740e+01 7.660641902927013393e-15
1.945296554180994519e+01 4.888451126645038114e-02
1.947445071297552488e+01 1.336215897895880836e-11
1.947445092245922638e+01 1.336258337674344038e-11
1.948242989351113152e+01 1.229858102227882888e-01
1.960421252037503592e+01 3.377109828901073696e-01
1.962110270708619453e+01 2.431287740187753097e-12
1.962110279382553557e+01 2.431245156337427090e-12
1.963405806735575609e+01 1.603935666880779270e-12
1.968138426358798299e+01 2.119110150387994856e-02
1.980423799083881775e+01 3.225960346323979179e-15
1.980423817781937856e+01 3.225970820168421102e-15
1.987823799781207512e+01 3.484716954296634368e-15
1.987823821466043839e+01 3.484774138509154718e-15
1.989210981899231356e+01 5.311299306594624211e-15
1.989211002111135684e+01 5.309982649342869272e-15
1.989833214606599654e+01 1.375240748160433251e-13
2.002354163822223754e+01 4.188409876846575092e-02
2.004485267565302564e+01 3.239565163234241345e-14
2.004485295837418946e+01 3.239572226854141015e-14
2.009367260604612326e+01 2.511286469147791507e-14
2.009367278075225727e+01 2.511306655309014318e-14
2.017634029078462277e+01 4.516835486338772326e-02
2.027389055719256916e+01 2.155355401939847247e-14
2.027389056537552747e+01 2.155216398359457292e-14
2.033469693623572638e+01 2.453440118374705129e-12
2.033893915750397241e+01 1.337179694163033276e-02
2.040743944324382397e+01 1.546493310452911833e-14
2.040743946574695045e+01 1.546492699143511388e-14
2.042449092012956058e+01 1.268739862889071424e-01
2.043094979726109628e+01 6.524430986846270905e-13
2.043094997728615425e+01 6.524266501883396577e-13
2.077750301672574196e+01 2.375957062149746390e-01
2.082960892889483162e+01 4.432955403342568087e-13
2.082960893544119685e+01 4.432867122925029176e-13
2.090417115493224998e+01 3.104724113357318904e-01
2.093981284790083564e+01 3.941957454633273876e-15
2.093981325254805625e+01 3.941706860353396750e-15
2.112487437682656832e+01 2.377998683603517171e-13
2.112487441119499110e+01 2.377984121787583193e-13
2.125545538946497715e+01 2.523426249398216147e-12
2.128838333975260966e+01 2.239995923643054998e-01
2.136705886006960142e+01 1.634687170449788396e-01
2.140062641564603396e+01 5.737397310003859144e-13
2.140062677692358761e+01 5.737301125536076895e-13
2.174516292652927518e+01 1.987187892509995610e-12
2.174516362167147676e+01 1.987226247463873997e-12
2.179773301120794926e+01 1.479724119560691387e-01
2.218722560255711684e+01 8.487607353931031708e-17
2.218722569379708887e+01 8.487873782829156914e-17
2.303995846461140218e+01 1.654488132320561244e-01
2.304133043228015509e+01 8.209017143631502520e-10
2.312313451964699951e+01 1.254257885089329973e-13
2.312313457160878016e+01 1.254269821573272153e-13
2.356535397990413827e+01 4.798840379022783354e-14
2.356535406173371072e+01 4.798810720724959308e-14
2.398166292542350675e+01 3.737606693374748964e-12
2.398166311690471275e+01 3.737659261590205963e-12
2.400724334744840860e+01 8.729350778617598339e-01
2.428654661123140102e+01 3.338619475011116861e-02
2.490087498470849425e+01 3.370241772259676395e-14
2.490087551619156159e+01 3.370297730325316902e-14
2.504330613961764840e+01 1.636529119524250617e-11
2.504330664205120627e+01 1.636612278330372945e-11
2.505057495110692045e+01 6.825158453637890366e-02
2.507479441522259123e+01 7.707522433716324066e-12
2.507479497248196409e+01 7.707791866197677962e-12
2.510662675675783362e+01 5.250753296792123326e-01
2.522994727179132113e+01 6.407282841137271201e-02
2.554452138838634312e+01 7.025042758632467571e-14
2.554452169524723359e+01 7.025037148816739231e-14
2.604606450083041480e+01 1.152143323450390833e-01
2.669030205196211014e+01 3.139323727370847791e-14
2.669081117386382118e+01 9.150742473332094760e-14
2.669081166525038640e+01 9.153407033848081633e-14
2.713242262691158047e+01 1.920682652530090979e-14
2.713242304342409383e+01 1.920698369594675505e-14
2.788229535042829355e+01 2.157928315333614289e-01
2.862885964181722542e+01 1.222227993352999371e-02
2.869897477971072419e+01 4.959034265841023652e-13
2.869897563360229853e+01 4.958976242160987247e-13
2.897467901696839476e+01 1.657288094904122919e-02
2.918469739427048637e+01 1.492538957505170312e-17
2.918469773959127167e+01 1.492582645009748625e-17
2.933860330852521159e+01 1.010970687404250639e-15
2.936300022292817147e+01 1.904613310052645614e-15
2.936300031253155041e+01 1.904633819028025596e-15
2.951630144202537664e+01 1.495536048595202644e-19
2.951630174356734315e+01 1.491192706199369850e-19
2.965924847304897582e+01 6.939137805724333993e-04
2.968207388860462714e+01 2.443724921474548684e-14
2.968207435953381079e+01 2.443680974379297697e-14
2.987322431126094813e+01 1.979783678613080691e-16
2.987322455306732749e+01 1.980037507529393135e-16
2.993086754739675470e+01 7.146141742712828241e-15
3.002596872309263887e+01 1.978831279553340740e-14
3.002596895753436002e+01 1.978838504720855473e-14
3.005048616917949289e+01 4.806624477540523410e-03
3.006198823218865712e+01 5.273053132333100493e-17
3.006198829683401286e+01 5.272625619770427029e-17
3.015158692899462167e+01 6.818896533284201755e-15
3.015158728331665472e+01 6.818767836136659185e-15
3.016941479870636300e+01 2.531016672683210973e-04
3.020178109905449659e+01 1.504911854182785537e-03
3.036609622522251684e+01 5.138141649410494569e-13
3.036609627882088702e+01 5.137981549560175356e-13
3.038589312019758637e+01 1.691403329788327900e-02
3.049798208564293134e+01 9.139197709602273984e-15
3.062790478511616143e+01 3.732910231204901452e-02
3.087030338893181636e+01 5.682444701942643380e-15
3.087030350594810102e+01 5.682502368455650860e-15
3.091909891324641890e+01 7.496939317693830651e-02
3.104396492578123201e+01 4.043568323961469842e-14
3.104396520768410639e+01 4.043526564184962917e-14
3.112126355433506220e+01 1.323715042687377205e-02
3.126204519940349513e+01 7.078220781791434461e-17
3.127161444509761523e+01 4.501367613258423389e-14
3.127161513205685495e+01 4.501344288900390129e-14
3.145502616836872534e+01 6.387077863106399946e-05
3.157153865463257247e+01 6.562214732107502382e-15
3.157153878678733250e+01 6.562233326956046418e-15
3.163025972327405810e+01 1.458247557461236647e-13
3.163025989634360258e+01 1.458243663368438213e-13
3.169460275875319510e+01 3.389779402803912352e-15
3.169460322681834441e+01 3.389498124899529390e-15
3.171108036322566903e+01 1.906558028601067212e-02
3.181365374189934414e+01 8.054354806355723670e-16
3.186660539090892286e+01 4.495430980323697459e-14
3.186660561798598224e+01 4.495351639805339252e-14
3.189293435588384895e+01 7.446714066264034735e-04
3.192488643699276096e+01 1.345287046328173980e-14
3.192488679540628027e+01 1.345271832451597794e-14
3.203974473603764750e+01 1.647220022553742488e-02
3.206679333439372925e+01 1.005319383099454325e-12
3.206679383109921133e+01 1.005292149978830841e-12
3.223965287230799959e+01 1.523442597561633490e-03
3.299460620441055880e+01 4.545079879451778857e-14
3.299460706116616393e+01 4.545159173787960375e-14
3.313679759745122055e+01 3.692727999221085897e-03
3.315574168182859438e+01 6.373144568515934398e-13
3.315574254267567511e+01 6.372939089821768937e-13
3.325963444407999248e+01 1.397045384551993952e-02
3.397957798220299708e+01 8.252280118208334472e-03
3.593653868073693758e+01 2.288286455805234736e-19
3.593653898514293843e+01 2.291433690459511850e-19
3.672907751569847790e+01 6.728412798001051631e-02
3.828591816168636086e+01 1.338355246989958418e-14
4.261874617457309711e+01 6.595962356592812293e-15
4.261874740406238971e+01 6.596092032780653331e-15
4.558888202937938416e+01 1.828350532583305696e-02
4.673656476403659354e+01 1.510774489450000530e-16
4.673656545263242634e+01 1.511275102417085168e-16
4.675228916004608948e+01 9.520563650140240588e-04
4.720593590458697975e+01 1.939172344821755187e-15
4.720593853990829558e+01 1.939094158586943595e-15
4.744423428025970679e+01 2.019535379946951292e-16
4.744423473768700461e+01 2.019565704580335053e-16
4.802769397854560651e+01 2.971977370472187970e-04
4.820453371412502719e+01 6.930869447110025528e-17
4.835141590586399474e+01 3.502281436911468668e-15
4.835141904975608895e+01 3.501852954503138086e-15
4.837332110330426360e+01 8.960839901282027537e-05
4.889093237737359487e+01 1.749727035591152766e-16
4.941068932670033576e+01 2.591201065604491476e-16
4.941069222387628201e+01 2.590659409297894549e-16
4.951758857241988210e+01 5.860546648187755322e-15
4.951759087592230202e+01 5.861545568350787641e-15
4.952984210705941592e+01 3.403995464719340740e-17
4.983390701150558044e+01 2.119577552948915564e-15
4.983390740346921177e+01 2.119616006620424672e-15
5.023970701573196607e+01 3.964193851137042344e-15
5.023970935319363917e+01 3.964301696604927096e-15
5.044903436727070556e+01 4.583038051596199515e-18
5.044903618756950436e+01 4.596247865916891236e-18
5.053845406721050892e+01 6.619479272157321747e-15
5.055763935202022452e+01 6.185719983361250198e-15
5.055764104221000821e+01 6.185495098088725833e-15
5.071498099002742066e+01 5.942689538784524071e-03
5.078101580072949162e+01 3.704583692035506536e-15
5.078101639112983889e+01 3.704658735155529413e-15
5.080396866297689940e+01 7.381521915729510498e-17
5.080397000048122180e+01 7.373379585559677428e-17
5.095388822230044923e+01 2.089024472181356341e-13
5.102430495821385392e+01 5.047676064927210382e-02
5.104231870215799205e+01 6.431848120293502279e-18
5.104231975489540929e+01 6.497651928796011114e-18
5.112753245587806816e+01 7.484530405581840063e-14
5.112753451675580862e+01 7.484268213900987184e-14
5.128329423491992856e+01 2.541227652161814647e-15
5.128329456469310088e+01 2.541157262028428969e-15
5.135461793869554015e+01 1.799122957276842218e-03
5.136654371071921332e+01 4.862873333107296703e-13
5.136654451510388242e+01 4.862415785439752180e-13
5.150320955138599288e+01 1.637169449398275476e-16
5.153594101496424429e+01 3.449591110145368042e-15
5.153594206074616579e+01 3.449581527429372946e-15
5.161572063221495910e+01 4.515367182467788440e-03
5.170294172421233725e+01 4.033547286551156361e-16
5.170294250650303525e+01 4.033303902671392822e-16
5.174290891844862728e+01 1.103057303564365206e-14
5.177494094050136653e+01 5.597363903283700167e-16
5.193109927505140888e+01 2.201482471448276026e-15
5.193110130278816428e+01 2.201336762919749518e-15
5.194300012260624300e+01 9.603068021794091000e-16
5.194300080179167622e+01 9.604645848442551856e-16
5.209589252198843212e+01 1.207585692057756149e-02
5.221755537000047553e+01 8.933509553844479412e-18
5.221755710151417418e+01 8.932257909198162738e-18
5.235257116525201582e+01 4.737774581978680516e-15
5.235257138250952380e+01 4.737866887264973074e-15
5.237907223827072301e+01 3.661583412604305957e-15
5.246461318098137383e+01 1.437294786773742755e-02
5.263593992379851727e+01 1.378081438814081024e-14
5.263594035913183689e+01 1.378131181402343473e-14
5.267473181219069289e+01 9.750270068746698576e-15
5.267473287842999952e+01 9.749502925439248625e-15
5.277211625588414989e+01 2.553675688985290147e-13
5.284829839809819418e+01 6.088535403439204047e-02
5.285644364683698626e+01 6.447084682906112427e-13
5.285644569257624426e+01 6.444781275313506156e-13
5.308454745283256671e+01 4.475188460887645867e-14
5.308454889385129150e+01 4.475451038557991996e-14
5.312288115291162427e+01 1.761424282889226603e-02
5.335264996358619527e+01 3.888093230473220152e-15
5.342550694688999613e+01 1.389166466454520803e-14
5.344193324749504370e+01 8.256816433342417640e-15
5.344193391358776779e+01 8.256238640331852954e-15
5.353572366608653255e+01 7.496835024892158487e-17
5.353572514188282128e+01 7.498478749207408124e-17
5.371015834835544212e+01 3.320993129835094091e-14
5.376888922099774959e+01 9.377259270817739312e-15
5.376889126387297324e+01 9.377674671893639243e-15
5.401966982327421363e+01 1.306094984525345015e-13
5.414218245623558090e+01 1.092624536425472470e-01
5.416905711642954202e+01 4.100406313916948157e-13
5.416905866669074499e+01 4.100015741032141586e-13
5.424952464828332666e+01 3.124486934510967405e-13
5.424952549112789058e+01 3.124419382430832813e-13
5.436206491035535748e+01 2.939461422411501844e-13
5.436206510592803198e+01 2.939707194324909708e-13
5.439479783827377446e+01 3.679974975639612298e-14
5.460236829584496121e+01 5.066472047630164745e-14
5.460236888460871540e+01 5.066797844202207580e-14
5.464133595292674528e+01 1.545096856997981252e-12
5.465057190882667726e+01 5.637791137917723405e-02
5.472392305517757194e+01 9.331007694769602680e-15
5.472392410382351358e+01 9.330158482317676112e-15
5.486844054008483340e+01 2.837383723961981311e-16
5.486844089072455688e+01 2.837077387203471545e-16
5.500839379618170000e+01 1.140527464801432839e-13
5.500839410836152155e+01 1.140569293179979209e-13
5.504398910610409246e+01 4.308702793724688597e-03
5.508530789653759996e+01 1.760441695222718189e-14
5.515829378146289486e+01 9.203015222953568865e-15
5.523476522721301762e+01 2.159117439434205229e-14
5.523476630736334414e+01 2.159110410258009520e-14
5.546266318683295538e+01 2.148699488333443617e-13
5.546266389056726354e+01 2.148753619420414716e-13
5.549328751974547203e+01 2.717345113426344981e-13
5.549708002615260938e+01 1.157186265131077488e-02
5.575826821275221334e+01 2.434995060455399235e-02
5.579640485617895251e+01 3.418145621298383348e-13
5.579640595515008528e+01 3.417949709779524061e-13
5.582991194133952462e+01 4.360189708881892370e-13
5.593189238581067002e+01 3.146861486812014041e-14
5.593189269512643591e+01 3.146813456952791130e-14
5.609089891598122080e+01 5.497050342196265982e-14
5.609089913692105256e+01 5.496998627406415690e-14
5.617486119934800826e+01 2.122542382685368642e-02
5.618440735601056701e+01 9.652993133390193357e-12
5.618440858672729377e+01 9.650591792331220867e-12
5.624179350695784052e+01 4.323209986345836599e-14
5.624179484159812858e+01 4.323090638953604732e-14
5.643796041327553326e+01 4.807278642277654354e-04
5.646763780130753929e+01 1.457626094760741792e-13
5.646763885445411546e+01 1.457586492024405769e-13
5.656049474171089742e+01 1.049548442291532807e-15
5.656049536566138158e+01 1.049543448974678493e-15
5.677628854779938905e+01 5.126144499925489040e-03
5.678871345524400027e+01 6.385301845684767854e-15
5.686579054251061649e+01 6.185998385480905615e-14
5.686579176218036480e+01 6.185908249512759007e-14
5.706324824565479759e+01 1.262008217584926493e-15
5.706324861102383039e+01 1.261946491304991263e-15
5.718123993192038768e+01 3.074343628783636748e-16
5.724663376218773436e+01 4.789205687986513675e-14
5.724663477646524257e+01 4.789473490917885837e-14
5.726916587806021397e+01 2.696273100323394456e-03
5.733385646500020272e+01 1.205379993049323120e-16
5.744018273352199344e+01 4.511534872800276725e-17
5.744018312057586684e+01 4.511982977854677592e-17
5.746003600252465304e+01 2.948282531406037649e-04
5.771506358036739925e+01 5.960556249828316111e-15
5.771506437206848972e+01 5.960408570019292003e-15
5.792757499945290789e+01 1.121373134799843061e-12
5.792757513324425389e+01 1.121379018173289367e-12
5.794441509951150948e+01 1.294851778511193173e-02
5.811787329315185957e+01 5.302043238027732441e-15
5.811787413067750663e+01 5.302276451017994721e-15
5.824476421850078367e+01 2.019365684732260118e-15
5.849588612455039538e+01 4.182935291113261082e-12
5.849588668058232344e+01 4.183058204856502504e-12
5.852941670993610046e+01 8.842524773701666840e-02
5.866956972306111595e+01 5.188759513447707974e-13
5.871078329335077939e+01 1.167178887568105121e-12
5.871078417097291435e+01 1.167187582236462373e-12
5.910606129710306789e+01 4.484674345726565742e-13
5.910606136461245796e+01 4.484453429859861793e-13
5.926211947062243013e+01 7.422837483974710506e-11
5.926778568639109324e+01 1.075213672454639613e-01
5.947543279208421296e+01 5.792006421759145974e-12
5.947543386937049092e+01 5.792404256288512437e-12
5.949809879709052751e+01 3.198844080637314874e-02
5.957817944241814700e+01 4.764053163771063198e-04
5.971028595709322673e+01 3.596236860219531450e-13
5.971028619889960964e+01 3.596391691007784950e-13
5.977962929075388132e+01 1.472864388586397736e-14
6.010386646246244169e+01 5.705977854810800712e-13
6.010386737690787839e+01 5.706309435674784403e-13
6.017827799484546603e+01 6.006372482518289313e-02
6.034922029129424459e+01 3.841269719556841470e-12
6.034922070698846852e+01 3.841324561150323001e-12
6.045742685441222619e+01 8.181176273129250887e-02
6.061220760410264319e+01 2.077417949394205489e-13
6.061220864702052324e+01 2.077384939151313018e-13
6.076156445706696729e+01 4.114117720770415777e-19
6.107791159214637844e+01 1.773100387004111543e-13
6.107791178485500438e+01 1.773101440840354242e-13
6.134668593390106395e+01 2.211930991655233953e-15
6.134668652880203865e+01 2.211881877943217968e-15
6.139691384188363088e+01 2.029473493738595224e-14
6.178221826162319275e+01 4.784789864973650053e-02
6.198555317971970169e+01 8.954395472386056916e-14
6.198555331882997166e+01 8.954061657832078861e-14
6.229479134469188040e+01 3.662590871196589465e-02
6.231402948813084208e+01 2.972528803289939403e-11
6.231402992141840969e+01 2.972785703407534425e-11
6.280508713045760061e+01 5.011966463764336556e-14
6.289365341098769591e+01 2.449410920016026507e-14
6.289365435039116647e+01 2.449421713021227102e-14
6.317064725281500159e+01 3.910342105300812499e-01
6.318571787106323967e+01 5.242177646663678112e-11
6.318571854452061132e+01 5.241681104946326730e-11
6.344610782657025538e+01 5.579289797559352418e-14
6.344610797018115989e+01 5.579283498301220436e-14
6.356662829491156685e+01 1.101303187205181916e-02
6.387449051938934019e+01 1.074675722092007532e-14
6.387449102632354681e+01 1.074660829718820787e-14
6.415512659457341726e+01 3.179307776178928735e-02
6.436096837996839781e+01 4.214380077242824404e-12
6.436096964096208239e+01 4.214517508529573325e-12
6.440884389401472276e+01 7.592888762772354028e-02
6.452633779995704799e+01 9.561765140802735063e-13
6.452633927493506860e+01 9.564428988965252804e-13
6.453168253352937711e+01 2.330403451357290514e-13
6.469123773137806666e+01 6.094961749489352198e-13
6.469123881234669682e+01 6.094935818065095955e-13
6.483169362520148127e+01 5.281127551390396865e-15
6.483169366775285880e+01 5.280760649101966392e-15
6.500277489158209221e+01 2.456985035122593274e-03
6.502575748210325912e+01 4.130809680817710411e-02
6.509533739446212053e+01 3.623460215581018810e-14
6.509533741287376074e+01 3.623121029521489641e-14
6.535103923609902665e+01 1.023074288739033236e-03
6.539547302542133878e+01 1.156775089271914764e-13
6.544942156235309483e+01 1.835770541313384852e-02
6.550607475397367807e+01 2.646883806634545384e-12
6.550607603133327927e+01 2.646838509377173072e-12
6.557544004946358029e+01 4.653792219596055717e-15
6.557544050484513320e+01 4.655490815006849772e-15
6.571431597794318691e+01 2.073553010230602027e-12
6.571431685065556394e+01 2.073663266062148029e-12
6.575107767264994152e+01 2.074694403647297028e-02
6.579486065585186338e+01 4.282632647783495043e-12
6.579486070372215067e+01 4.281152823899543837e-12
6.585089551869025115e+01 3.783351698415866708e-03
6.595307114264336690e+01 4.317627061359584394e-05
6.603349285362013177e+01 1.551541073957388187e-14
6.603349422590201812e+01 1.551506254235963645e-14
6.604438432728781549e+01 1.961135138223063754e-14
6.610270681350264965e+01 2.782094602949060184e-03
6.611507403437337871e+01 4.792833329207857463e-12
6.611507462681946379e+01 4.792996403701537736e-12
6.620382672839275529e+01 5.581834283691225975e-13
6.620382799184130818e+01 5.581851151806843315e-13
6.628971857307601567e+01 3.368378035936911972e-04
6.633370776474939134e+01 8.730853025957431500e-12
6.633370934733329705e+01 8.731268127569230598e-12
6.639497106006500360e+01 1.411508734354896544e-01
6.642831893229462992e+01 2.388962963210980765e-11
6.642831975018117419e+01 2.388889642687566726e-11
6.658628676045084660e+01 1.248346010014943636e-01
6.660290989676840923e+01 1.973153717855356038e-11
6.660291104811045670e+01 1.972869642629347025e-11
6.676208087532580748e+01 1.161576425150938238e-13
6.676208132129696082e+01 1.161655591025993724e-13
6.680792832571040663e+01 1.969680406254336116e-02
6.711944648958882453e+01 8.252665039671360797e-13
6.711944808567459120e+01 8.253557115075714585e-13
6.713557919387852735e+01 4.249724639450617536e-04
6.721288891811295230e+01 8.033476264829543523e-02
6.728804105106792122e+01 5.468017947097732401e-13
6.735371133844714109e+01 2.425730108741055296e-02
6.756732884128831529e+01 8.300317839726841669e-16
6.756733028967171606e+01 8.299671915572213547e-16
6.784256677437609540e+01 9.500869887790281448e-13
6.784256854925948232e+01 9.500964581390710327e-13
6.796721055334553796e+01 1.397487281834995654e-02
6.810497502964052785e+01 2.798610737633871939e-03
6.814998295609476031e+01 4.403994645571605344e-13
6.835723265647959579e+01 3.846775141873716646e-17
6.835723443831849977e+01 3.846364524256934537e-17
6.849742116399902159e+01 3.601413224911138460e-14
6.849742265247890316e+01 3.601784877923046298e-14
6.857107458264546551e+01 7.243770179195188619e-02
6.865020650780007827e+01 3.202498795586979780e-02
6.882800928700049781e+01 1.190347387680570063e-13
6.882801004187831495e+01 1.190345459386736762e-13
6.896301651305945768e+01 6.311709868189251810e-03
6.929664815436520087e+01 4.418462902895615997e-16
6.929664999102988077e+01 4.419170707066688715e-16
7.028553367561957543e+01 2.485250756320300628e-12
7.028553613377985698e+01 2.485277505486249825e-12
7.039796358847027591e+01 2.511518014498955592e-02
7.070651590749091042e+01 2.562821209910721154e-01
7.772421726189520541e+01 1.721472775680329342e-14
7.772422002691639875e+01 1.721492287939672687e-14
8.298436650701219719e+01 4.423607143423762822e-01
