0.000000000000000000e+00 1.582175610000003507e+00
1.347565318621496866e+00 1.110637370000030932e+00
8.983768790809979476e-01 1.215610000000051150e+00
1.497234906676391253e-01 1.514866150000070411e+00
1.796753758161995895e+00 1.074600000000000000e+00
1.497234906676391253e+00 1.090744129999929646e+00
5.988580275953931942e-01 1.320200349999904210e+00
1.048100369748637073e+00 1.173288750000064828e+00
7.486533884133588224e-01 1.264660119999998278e+00
1.197895730566602701e+00 1.138243899999988207e+00
2.995188514856046980e-01 1.446870070000013220e+00
