0.000000000000000000e+00 0.000000000000000000e+00
1.347565318621496866e+00 3.398053400001117552e-01
1.796753758161995895e+00 6.046350599999641418e-01
8.983768790809979476e-01 1.506968200001210789e-01
1.497234906676391253e-01 4.249009999966801843e-03
1.497234906676391253e+00 4.196833600001355080e-01
5.988580275953931942e-01 6.679282000004604924e-02
1.048100369748637073e+00 2.052587400000902562e-01
7.486533884133588224e-01 1.044703000000026805e-01
1.197895730566602701e+00 2.683705700001155492e-01
2.995188514856046980e-01 1.679267000008621835e-02
