NONZERO SOC MATRIX ELEMENTS (cm**-1)
------------------------------------

           Bra                       Ket       
<Block Root  S    Ms  | HSOC |  Block Root  S    Ms>    =  Real-part     Imaginary part
--------------------------------------------------------------------------------------
   0    2  1.0  1.0              0     0  1.0  1.0            0.000              0.000
   0    2  1.0  1.0              0     1  1.0  1.0            0.000           -155.168
   0    3  1.0  1.0              0     0  1.0  1.0            0.000              0.001
   0    3  1.0  1.0              0     1  1.0  1.0            0.000             61.723
   0    3  1.0  1.0              0     2  1.0  1.0            0.000           -153.889
   0    4  1.0  1.0              0     0  1.0  1.0            0.000             -0.001
   0    4  1.0  1.0              0     1  1.0  1.0            0.000           -153.889
   0    4  1.0  1.0              0     2  1.0  1.0            0.000            -61.723
   0    4  1.0  1.0              0     3  1.0  1.0            0.000           -169.540
   0    5  1.0  1.0              0     1  1.0  1.0            0.000             -0.000
   0    5  1.0  1.0              0     3  1.0  1.0            0.000             -0.000
   0    5  1.0  1.0              0     4  1.0  1.0            0.000              0.000
   0    0  1.0  0.0              0     1  1.0  1.0           67.260            -36.331
   0    0  1.0  0.0              0     2  1.0  1.0           36.330             67.259
   0    0  1.0  0.0              0     3  1.0  1.0         -354.186             40.483
   0    0  1.0  0.0              0     4  1.0  1.0           40.482            354.185
   0    0  1.0  0.0              0     5  1.0  1.0            0.000              0.000
   0    1  1.0  0.0              0     0  1.0  1.0          -67.260             36.331
   0    1  1.0  0.0              0     2  1.0  1.0           -0.000             -0.000
   0    1  1.0  0.0              0     3  1.0  1.0          -12.741             18.267
   0    1  1.0  0.0              0     4  1.0  1.0          -18.267            -12.741
   0    1  1.0  0.0              0     5  1.0  1.0          -36.519             19.726
   0    2  1.0  0.0              0     0  1.0  1.0          -36.330            -67.259
   0    2  1.0  0.0              0     1  1.0  1.0            0.000              0.000
   0    2  1.0  0.0              0     3  1.0  1.0           18.267             12.741
   0    2  1.0  0.0              0     4  1.0  1.0          -12.741             18.267
   0    2  1.0  0.0              0     5  1.0  1.0          -19.726            -36.520
   0    3  1.0  0.0              0     0  1.0  1.0          354.186            -40.483
   0    3  1.0  0.0              0     1  1.0  1.0           12.741            -18.267
   0    3  1.0  0.0              0     2  1.0  1.0          -18.267            -12.741
   0    3  1.0  0.0              0     4  1.0  1.0           -0.000             -0.000
   0    3  1.0  0.0              0     5  1.0  1.0           34.237             -3.913
   0    4  1.0  0.0              0     0  1.0  1.0          -40.482           -354.185
   0    4  1.0  0.0              0     1  1.0  1.0           18.267             12.741
   0    4  1.0  0.0              0     2  1.0  1.0           12.741            -18.267
   0    4  1.0  0.0              0     3  1.0  1.0            0.000              0.000
   0    4  1.0  0.0              0     5  1.0  1.0           -3.913            -34.238
   0    5  1.0  0.0              0     0  1.0  1.0           -0.000             -0.000
   0    5  1.0  0.0              0     1  1.0  1.0           36.519            -19.726
   0    5  1.0  0.0              0     2  1.0  1.0           19.726             36.520
   0    5  1.0  0.0              0     3  1.0  1.0          -34.237              3.913
   0    5  1.0  0.0              0     4  1.0  1.0            3.913             34.238
   0    0  1.0 -1.0              0     1  1.0  0.0           67.260            -36.331
   0    0  1.0 -1.0              0     2  1.0  0.0           36.330             67.259
   0    0  1.0 -1.0              0     3  1.0  0.0         -354.186             40.483
   0    0  1.0 -1.0              0     4  1.0  0.0           40.482            354.185
   0    0  1.0 -1.0              0     5  1.0  0.0            0.000              0.000
   0    1  1.0 -1.0              0     0  1.0  0.0          -67.260             36.331
   0    1  1.0 -1.0              0     2  1.0  0.0           -0.000             -0.000
   0    1  1.0 -1.0              0     3  1.0  0.0          -12.741             18.267
   0    1  1.0 -1.0              0     4  1.0  0.0          -18.267            -12.741
   0    1  1.0 -1.0              0     5  1.0  0.0          -36.519             19.726
   0    2  1.0 -1.0              0     0  1.0  0.0          -36.330            -67.259
   0    2  1.0 -1.0              0     1  1.0  0.0            0.000              0.000
   0    2  1.0 -1.0              0     3  1.0  0.0           18.267             12.741
   0    2  1.0 -1.0              0     4  1.0  0.0          -12.741             18.267
   0    2  1.0 -1.0              0     5  1.0  0.0          -19.726            -36.520
   0    2  1.0 -1.0              0     0  1.0 -1.0           -0.000             -0.000
   0    2  1.0 -1.0              0     1  1.0 -1.0           -0.000            155.168
   0    3  1.0 -1.0              0     0  1.0  0.0          354.186            -40.483
   0    3  1.0 -1.0              0     1  1.0  0.0           12.741            -18.267
   0    3  1.0 -1.0              0     2  1.0  0.0          -18.267            -12.741
   0    3  1.0 -1.0              0     4  1.0  0.0           -0.000             -0.000
   0    3  1.0 -1.0              0     5  1.0  0.0           34.237             -3.913
   0    3  1.0 -1.0              0     0  1.0 -1.0           -0.000             -0.001
   0    3  1.0 -1.0              0     1  1.0 -1.0           -0.000            -61.723
   0    3  1.0 -1.0              0     2  1.0 -1.0           -0.000            153.889
   0    4  1.0 -1.0              0     0  1.0  0.0          -40.482           -354.185
   0    4  1.0 -1.0              0     1  1.0  0.0           18.267             12.741
   0    4  1.0 -1.0              0     2  1.0  0.0           12.741            -18.267
   0    4  1.0 -1.0              0     3  1.0  0.0            0.000              0.000
   0    4  1.0 -1.0              0     5  1.0  0.0           -3.913            -34.238
   0    4  1.0 -1.0              0     0  1.0 -1.0           -0.000              0.001
   0    4  1.0 -1.0              0     1  1.0 -1.0           -0.000            153.889
   0    4  1.0 -1.0              0     2  1.0 -1.0           -0.000             61.723
   0    4  1.0 -1.0              0     3  1.0 -1.0           -0.000            169.540
   0    5  1.0 -1.0              0     0  1.0  0.0           -0.000             -0.000
   0    5  1.0 -1.0              0     1  1.0  0.0           36.519            -19.726
   0    5  1.0 -1.0              0     2  1.0  0.0           19.726             36.520
   0    5  1.0 -1.0              0     3  1.0  0.0          -34.237              3.913
   0    5  1.0 -1.0              0     4  1.0  0.0            3.913             34.238
   0    5  1.0 -1.0              0     1  1.0 -1.0           -0.000              0.000
   0    5  1.0 -1.0              0     3  1.0 -1.0           -0.000              0.000
   0    5  1.0 -1.0              0     4  1.0 -1.0           -0.000             -0.000
   1    0  0.0  0.0              0     0  1.0  1.0           12.998             -7.540
   1    0  0.0  0.0              0     1  1.0  1.0           79.750            -48.880
   1    0  0.0  0.0              0     2  1.0  1.0          -48.880            -79.749
   1    0  0.0  0.0              0     3  1.0  1.0         -210.739            283.349
   1    0  0.0  0.0              0     4  1.0  1.0         -283.350           -210.737
   1    0  0.0  0.0              0     5  1.0  1.0           -9.326              5.410
   1    0  0.0  0.0              0     1  1.0  0.0           -0.000             -0.454
   1    0  0.0  0.0              0     2  1.0  0.0           -0.000            -14.923
   1    0  0.0  0.0              0     3  1.0  0.0           -0.000              2.340
   1    0  0.0  0.0              0     4  1.0  0.0           -0.000             -5.355
   1    0  0.0  0.0              0     0  1.0 -1.0           12.998              7.540
   1    0  0.0  0.0              0     1  1.0 -1.0           79.750             48.880
   1    0  0.0  0.0              0     2  1.0 -1.0          -48.880             79.749
   1    0  0.0  0.0              0     3  1.0 -1.0         -210.739           -283.349
   1    0  0.0  0.0              0     4  1.0 -1.0         -283.350            210.737
   1    0  0.0  0.0              0     5  1.0 -1.0           -9.326             -5.410
   1    1  0.0  0.0              0     0  1.0  1.0           -7.540            -12.997
   1    1  0.0  0.0              0     1  1.0  1.0           48.881             79.750
   1    1  0.0  0.0              0     2  1.0  1.0           79.748            -48.880
   1    1  0.0  0.0              0     3  1.0  1.0         -283.349           -210.737
   1    1  0.0  0.0              0     4  1.0  1.0          210.739           -283.349
   1    1  0.0  0.0              0     5  1.0  1.0            5.410              9.325
   1    1  0.0  0.0              0     0  1.0  0.0           -0.000              0.001
   1    1  0.0  0.0              0     1  1.0  0.0           -0.000            -14.923
   1    1  0.0  0.0              0     2  1.0  0.0           -0.000              0.454
   1    1  0.0  0.0              0     3  1.0  0.0           -0.000              5.357
   1    1  0.0  0.0              0     4  1.0  0.0           -0.000              2.340
   1    1  0.0  0.0              0     5  1.0  0.0           -0.000              0.000
   1    1  0.0  0.0              0     0  1.0 -1.0           -7.540             12.997
   1    1  0.0  0.0              0     1  1.0 -1.0           48.881            -79.750
   1    1  0.0  0.0              0     2  1.0 -1.0           79.748             48.880
   1    1  0.0  0.0              0     3  1.0 -1.0         -283.349            210.737
   1    1  0.0  0.0              0     4  1.0 -1.0          210.739            283.349
   1    1  0.0  0.0              0     5  1.0 -1.0            5.410             -9.325
   1    2  0.0  0.0              0     0  1.0  1.0            0.000              0.001
   1    2  0.0  0.0              0     1  1.0  1.0          136.540            252.781
   1    2  0.0  0.0              0     2  1.0  1.0         -252.783            136.540
   1    2  0.0  0.0              0     3  1.0  1.0           13.895            121.561
   1    2  0.0  0.0              0     4  1.0  1.0          121.561            -13.893
   1    2  0.0  0.0              0     5  1.0  1.0            0.000             -0.000
   1    2  0.0  0.0              0     0  1.0  0.0           -0.000            464.450
   1    2  0.0  0.0              0     1  1.0  0.0           -0.000             -0.000
   1    2  0.0  0.0              0     2  1.0  0.0           -0.000              0.000
   1    2  0.0  0.0              0     3  1.0  0.0           -0.000             -0.000
   1    2  0.0  0.0              0     4  1.0  0.0           -0.000             -0.001
   1    2  0.0  0.0              0     5  1.0  0.0           -0.000             54.800
   1    2  0.0  0.0              0     0  1.0 -1.0            0.000             -0.001
   1    2  0.0  0.0              0     1  1.0 -1.0          136.540           -252.781
   1    2  0.0  0.0              0     2  1.0 -1.0         -252.783           -136.540
   1    2  0.0  0.0              0     3  1.0 -1.0           13.895           -121.561
   1    2  0.0  0.0              0     4  1.0 -1.0          121.561             13.893
   1    2  0.0  0.0              0     5  1.0 -1.0            0.000              0.000

Note: In the following the full <I|HBO+SOC|J> are printed in the CI Basis.     
NONZERO SOC MATRIX ELEMENTS (cm**-1)
------------------------------------

           Bra                       Ket       
<Block Root  S    Ms  | HSOC |  Block Root  S    Ms>    =  Real-part     Imaginary part
--------------------------------------------------------------------------------------
   0    2  1.0  1.0              0     0  1.0  1.0            0.000              0.000
   0    2  1.0  1.0              0     1  1.0  1.0            0.000           -155.168
   0    3  1.0  1.0              0     0  1.0  1.0           -0.000              0.001
   0    3  1.0  1.0              0     1  1.0  1.0            0.004             61.723
   0    3  1.0  1.0              0     2  1.0  1.0            0.002           -153.889
   0    4  1.0  1.0              0     0  1.0  1.0           -0.000             -0.001
   0    4  1.0  1.0              0     1  1.0  1.0            0.002           -153.889
   0    4  1.0  1.0              0     2  1.0  1.0           -0.004            -61.723
   0    4  1.0  1.0              0     3  1.0  1.0            0.000           -169.540
   0    5  1.0  1.0              0     0  1.0  1.0            0.094             -0.000
   0    5  1.0  1.0              0     1  1.0  1.0            0.000             -0.000
   0    5  1.0  1.0              0     3  1.0  1.0           -0.000             -0.000
   0    5  1.0  1.0              0     4  1.0  1.0           -0.000              0.000
   0    0  1.0  0.0              0     1  1.0  1.0           67.131            -36.261
   0    0  1.0  0.0              0     2  1.0  1.0           36.260             67.131
   0    0  1.0  0.0              0     3  1.0  1.0         -354.229             40.488
   0    0  1.0  0.0              0     4  1.0  1.0           40.487            354.228
   0    0  1.0  0.0              0     5  1.0  1.0            0.000              0.000
   0    1  1.0  0.0              0     0  1.0  1.0          -67.389             36.400
   0    1  1.0  0.0              0     1  1.0  1.0            0.005             -0.003
   0    1  1.0  0.0              0     2  1.0  1.0           -0.003             -0.005
   0    1  1.0  0.0              0     3  1.0  1.0          -12.737             18.261
   0    1  1.0  0.0              0     4  1.0  1.0          -18.261            -12.737
   0    1  1.0  0.0              0     5  1.0  1.0          -36.459             19.693
   0    2  1.0  0.0              0     0  1.0  1.0          -36.399            -67.388
   0    2  1.0  0.0              0     1  1.0  1.0           -0.003             -0.005
   0    2  1.0  0.0              0     2  1.0  1.0           -0.005              0.003
   0    2  1.0  0.0              0     3  1.0  1.0           18.261             12.737
   0    2  1.0  0.0              0     4  1.0  1.0          -12.737             18.261
   0    2  1.0  0.0              0     5  1.0  1.0          -19.693            -36.459
   0    3  1.0  0.0              0     0  1.0  1.0          354.143            -40.478
   0    3  1.0  0.0              0     1  1.0  1.0           12.745            -18.272
   0    3  1.0  0.0              0     2  1.0  1.0          -18.272            -12.745
   0    3  1.0  0.0              0     3  1.0  1.0            0.004             -0.016
   0    3  1.0  0.0              0     4  1.0  1.0            0.015              0.003
   0    3  1.0  0.0              0     5  1.0  1.0           34.249             -3.914
   0    3  1.0  0.0              0     1  1.0  0.0           -0.009              0.000
   0    3  1.0  0.0              0     2  1.0  0.0           -0.003              0.000
   0    4  1.0  0.0              0     0  1.0  1.0          -40.477           -354.142
   0    4  1.0  0.0              0     1  1.0  1.0           18.272             12.745
   0    4  1.0  0.0              0     2  1.0  1.0           12.745            -18.272
   0    4  1.0  0.0              0     3  1.0  1.0            0.016              0.004
   0    4  1.0  0.0              0     4  1.0  1.0           -0.004              0.016
   0    4  1.0  0.0              0     5  1.0  1.0           -3.915            -34.250
   0    4  1.0  0.0              0     1  1.0  0.0           -0.003              0.000
   0    4  1.0  0.0              0     2  1.0  0.0            0.009              0.000
   0    5  1.0  0.0              0     0  1.0  1.0           -0.000             -0.000
   0    5  1.0  0.0              0     1  1.0  1.0           36.580            -19.759
   0    5  1.0  0.0              0     2  1.0  1.0           19.759             36.580
   0    5  1.0  0.0              0     3  1.0  1.0          -34.224              3.912
   0    5  1.0  0.0              0     4  1.0  1.0            3.912             34.225
   0    5  1.0  0.0              0     0  1.0  0.0           -0.187              0.000
   0    0  1.0 -1.0              0     1  1.0  1.0            0.024             -0.045
   0    0  1.0 -1.0              0     2  1.0  1.0           -0.045             -0.024
   0    0  1.0 -1.0              0     3  1.0  1.0            0.006             -0.056
   0    0  1.0 -1.0              0     4  1.0  1.0            0.056              0.006
   0    0  1.0 -1.0              0     1  1.0  0.0           67.389            -36.400
   0    0  1.0 -1.0              0     2  1.0  0.0           36.399             67.388
   0    0  1.0 -1.0              0     3  1.0  0.0         -354.143             40.478
   0    0  1.0 -1.0              0     4  1.0  0.0           40.477            354.142
   0    0  1.0 -1.0              0     5  1.0  0.0            0.000              0.000
   0    1  1.0 -1.0              0     0  1.0  1.0            0.024             -0.045
   0    1  1.0 -1.0              0     1  1.0  1.0            0.045             -0.069
   0    1  1.0 -1.0              0     2  1.0  1.0            0.069              0.045
   0    1  1.0 -1.0              0     3  1.0  1.0            0.048             -0.034
   0    1  1.0 -1.0              0     4  1.0  1.0           -0.034             -0.048
   0    1  1.0 -1.0              0     5  1.0  1.0           -0.014              0.027
   0    1  1.0 -1.0              0     0  1.0  0.0          -67.131             36.261
   0    1  1.0 -1.0              0     1  1.0  0.0           -0.005              0.003
   0    1  1.0 -1.0              0     2  1.0  0.0            0.003              0.005
   0    1  1.0 -1.0              0     3  1.0  0.0          -12.745             18.272
   0    1  1.0 -1.0              0     4  1.0  0.0          -18.272            -12.745
   0    1  1.0 -1.0              0     5  1.0  0.0          -36.580             19.759
   0    2  1.0 -1.0              0     0  1.0  1.0           -0.045             -0.024
   0    2  1.0 -1.0              0     1  1.0  1.0            0.069              0.045
   0    2  1.0 -1.0              0     2  1.0  1.0           -0.045              0.069
   0    2  1.0 -1.0              0     3  1.0  1.0            0.034              0.048
   0    2  1.0 -1.0              0     4  1.0  1.0            0.048             -0.034
   0    2  1.0 -1.0              0     5  1.0  1.0            0.027              0.014
   0    2  1.0 -1.0              0     0  1.0  0.0          -36.260            -67.131
   0    2  1.0 -1.0              0     1  1.0  0.0            0.003              0.005
   0    2  1.0 -1.0              0     2  1.0  0.0            0.005             -0.003
   0    2  1.0 -1.0              0     3  1.0  0.0           18.272             12.745
   0    2  1.0 -1.0              0     4  1.0  0.0          -12.745             18.272
   0    2  1.0 -1.0              0     5  1.0  0.0          -19.759            -36.580
   0    2  1.0 -1.0              0     0  1.0 -1.0            0.000             -0.000
   0    2  1.0 -1.0              0     1  1.0 -1.0            0.000            155.168
   0    3  1.0 -1.0              0     0  1.0  1.0            0.006             -0.056
   0    3  1.0 -1.0              0     1  1.0  1.0            0.048             -0.034
   0    3  1.0 -1.0              0     2  1.0  1.0            0.034              0.048
   0    3  1.0 -1.0              0     3  1.0  1.0            0.276             -0.064
   0    3  1.0 -1.0              0     4  1.0  1.0           -0.064             -0.276
   0    3  1.0 -1.0              0     5  1.0  1.0           -0.004              0.034
   0    3  1.0 -1.0              0     0  1.0  0.0          354.229            -40.488
   0    3  1.0 -1.0              0     1  1.0  0.0           12.737            -18.261
   0    3  1.0 -1.0              0     2  1.0  0.0          -18.261            -12.737
   0    3  1.0 -1.0              0     3  1.0  0.0           -0.004              0.016
   0    3  1.0 -1.0              0     4  1.0  0.0           -0.016             -0.004
   0    3  1.0 -1.0              0     5  1.0  0.0           34.224             -3.912
   0    3  1.0 -1.0              0     0  1.0 -1.0           -0.000             -0.001
   0    3  1.0 -1.0              0     1  1.0 -1.0            0.004            -61.723
   0    3  1.0 -1.0              0     2  1.0 -1.0            0.002            153.889
   0    4  1.0 -1.0              0     0  1.0  1.0            0.056              0.006
   0    4  1.0 -1.0              0     1  1.0  1.0           -0.034             -0.048
   0    4  1.0 -1.0              0     2  1.0  1.0            0.048             -0.034
   0    4  1.0 -1.0              0     3  1.0  1.0           -0.064             -0.276
   0    4  1.0 -1.0              0     4  1.0  1.0           -0.276              0.064
   0    4  1.0 -1.0              0     5  1.0  1.0           -0.034             -0.004
   0    4  1.0 -1.0              0     0  1.0  0.0          -40.487           -354.228
   0    4  1.0 -1.0              0     1  1.0  0.0           18.261             12.737
   0    4  1.0 -1.0              0     2  1.0  0.0           12.737            -18.261
   0    4  1.0 -1.0              0     3  1.0  0.0           -0.015             -0.003
   0    4  1.0 -1.0              0     4  1.0  0.0            0.004             -0.016
   0    4  1.0 -1.0              0     5  1.0  0.0           -3.912            -34.225
   0    4  1.0 -1.0              0     0  1.0 -1.0           -0.000              0.001
   0    4  1.0 -1.0              0     1  1.0 -1.0            0.002            153.889
   0    4  1.0 -1.0              0     2  1.0 -1.0           -0.004             61.723
   0    4  1.0 -1.0              0     3  1.0 -1.0            0.000            169.540
   0    5  1.0 -1.0              0     1  1.0  1.0           -0.014              0.027
   0    5  1.0 -1.0              0     2  1.0  1.0            0.027              0.014
   0    5  1.0 -1.0              0     3  1.0  1.0           -0.004              0.034
   0    5  1.0 -1.0              0     4  1.0  1.0           -0.034             -0.004
   0    5  1.0 -1.0              0     0  1.0  0.0           -0.000             -0.000
   0    5  1.0 -1.0              0     1  1.0  0.0           36.459            -19.693
   0    5  1.0 -1.0              0     2  1.0  0.0           19.693             36.459
   0    5  1.0 -1.0              0     3  1.0  0.0          -34.249              3.914
   0    5  1.0 -1.0              0     4  1.0  0.0            3.915             34.250
   0    5  1.0 -1.0              0     0  1.0 -1.0            0.094              0.000
   0    5  1.0 -1.0              0     1  1.0 -1.0            0.000              0.000
   0    5  1.0 -1.0              0     3  1.0 -1.0           -0.000              0.000
   0    5  1.0 -1.0              0     4  1.0 -1.0           -0.000             -0.000
   1    0  0.0  0.0              0     0  1.0  1.0           12.998             -7.540
   1    0  0.0  0.0              0     1  1.0  1.0           79.750            -48.880
   1    0  0.0  0.0              0     2  1.0  1.0          -48.880            -79.749
   1    0  0.0  0.0              0     3  1.0  1.0         -210.739            283.349
   1    0  0.0  0.0              0     4  1.0  1.0         -283.350           -210.737
   1    0  0.0  0.0              0     5  1.0  1.0           -9.326              5.410
   1    0  0.0  0.0              0     1  1.0  0.0            0.000             -0.454
   1    0  0.0  0.0              0     2  1.0  0.0            0.000            -14.923
   1    0  0.0  0.0              0     3  1.0  0.0            0.000              2.340
   1    0  0.0  0.0              0     4  1.0  0.0            0.000             -5.355
   1    0  0.0  0.0              0     0  1.0 -1.0           12.998              7.540
   1    0  0.0  0.0              0     1  1.0 -1.0           79.750             48.880
   1    0  0.0  0.0              0     2  1.0 -1.0          -48.880             79.749
   1    0  0.0  0.0              0     3  1.0 -1.0         -210.739           -283.349
   1    0  0.0  0.0              0     4  1.0 -1.0         -283.350            210.737
   1    0  0.0  0.0              0     5  1.0 -1.0           -9.326             -5.410
   1    1  0.0  0.0              0     0  1.0  1.0           -7.540            -12.997
   1    1  0.0  0.0              0     1  1.0  1.0           48.881             79.750
   1    1  0.0  0.0              0     2  1.0  1.0           79.748            -48.880
   1    1  0.0  0.0              0     3  1.0  1.0         -283.349           -210.737
   1    1  0.0  0.0              0     4  1.0  1.0          210.739           -283.349
   1    1  0.0  0.0              0     5  1.0  1.0            5.410              9.325
   1    1  0.0  0.0              0     0  1.0  0.0            0.000              0.001
   1    1  0.0  0.0              0     1  1.0  0.0            0.000            -14.923
   1    1  0.0  0.0              0     2  1.0  0.0            0.000              0.454
   1    1  0.0  0.0              0     3  1.0  0.0            0.000              5.357
   1    1  0.0  0.0              0     4  1.0  0.0            0.000              2.340
   1    1  0.0  0.0              0     5  1.0  0.0            0.000              0.000
   1    1  0.0  0.0              0     0  1.0 -1.0           -7.540             12.997
   1    1  0.0  0.0              0     1  1.0 -1.0           48.881            -79.750
   1    1  0.0  0.0              0     2  1.0 -1.0           79.748             48.880
   1    1  0.0  0.0              0     3  1.0 -1.0         -283.349            210.737
   1    1  0.0  0.0              0     4  1.0 -1.0          210.739            283.349
   1    1  0.0  0.0              0     5  1.0 -1.0            5.410             -9.325
   1    2  0.0  0.0              0     0  1.0  1.0            0.000              0.001
   1    2  0.0  0.0              0     1  1.0  1.0          136.540            252.781
   1    2  0.0  0.0              0     2  1.0  1.0         -252.783            136.540
   1    2  0.0  0.0              0     3  1.0  1.0           13.895            121.561
   1    2  0.0  0.0              0     4  1.0  1.0          121.561            -13.893
   1    2  0.0  0.0              0     5  1.0  1.0            0.000             -0.000
   1    2  0.0  0.0              0     0  1.0  0.0            0.000            464.450
   1    2  0.0  0.0              0     1  1.0  0.0            0.000             -0.000
   1    2  0.0  0.0              0     2  1.0  0.0            0.000              0.000
   1    2  0.0  0.0              0     3  1.0  0.0            0.000             -0.000
   1    2  0.0  0.0              0     4  1.0  0.0            0.000             -0.001
   1    2  0.0  0.0              0     5  1.0  0.0            0.000             54.800
   1    2  0.0  0.0              0     0  1.0 -1.0            0.000             -0.001
   1    2  0.0  0.0              0     1  1.0 -1.0          136.540           -252.781
   1    2  0.0  0.0              0     2  1.0 -1.0         -252.783           -136.540
   1    2  0.0  0.0              0     3  1.0 -1.0           13.895           -121.561
   1    2  0.0  0.0              0     4  1.0 -1.0          121.561             13.893
   1    2  0.0  0.0              0     5  1.0 -1.0            0.000              0.000

Note: In the following the full <I|HBO+SOC|J> are printed in the CI Basis.     
