        atomic unit dQ :           96.40420464937
        atomic unit freqi/f:       0.0010183075338065       0.0010670693930577

        Temperature :  300 K ; Maximum initial state oscillator quantum number   12
                          n   m   occupation     deltacoef      overlap
            Contribution:  12  84   1.739126e-06    0.001597656   4.173111e-33
            Contribution:  12  83   1.739126e-06      0.3871515    4.77751e-32
            Contribution:  12  82   1.739126e-06       19.66498   1.866215e-32
            Contribution:  12  81   1.739126e-06       209.3731   4.754828e-33
            Contribution:  12  80   1.739126e-06       467.2647   1.591901e-33
            Contribution:  12  79   1.739126e-06       218.5849   5.988026e-32
            Contribution:  12  78   1.739126e-06       21.43345   4.374014e-31
            Contribution:  12  77   1.739126e-06      0.4405335   2.438859e-30
            Contribution:  12  76   1.739126e-06    0.001897932   1.789761e-29
            Contribution:  12  75   1.739126e-06   1.713946e-06   1.328272e-28
            Contribution:  11  84   5.071114e-06    1.97363e-06   5.120453e-33
            Contribution:  11  83   5.071114e-06    0.002124415   3.357329e-34
            Contribution:  11  82   5.071114e-06      0.4793222   5.308344e-33
            Contribution:  11  81   5.071114e-06       22.66892   2.715862e-34
            Contribution:  11  80   5.071114e-06       224.7237   8.693956e-33
            Contribution:  11  79   5.071114e-06       466.9622   1.021063e-32
            Contribution:  11  78   5.071114e-06         203.39   1.653039e-33
            Contribution:  11  77   5.071114e-06       18.56916   2.225653e-32
            Contribution:  11  76   5.071114e-06       0.355361     4.5186e-31
            Contribution:  11  75   5.071114e-06    0.001425483   4.209654e-30
            Contribution:  10  83   1.478685e-05   2.809403e-06   2.330375e-32
            Contribution:  10  82   1.478685e-05    0.002815647   3.081488e-33
            Contribution:  10  81   1.478685e-05      0.5915033   2.238611e-32
            Contribution:  10  80   1.478685e-05        26.0466   8.775018e-33
            Contribution:  10  79   1.478685e-05        240.414   5.586419e-34
            Contribution:  10  78   1.478685e-05       465.1397   6.141463e-33
            Contribution:  10  77   1.478685e-05       188.6349   2.034264e-33
            Contribution:  10  76   1.478685e-05       16.03523   2.773339e-32
            Contribution:  10  75   1.478685e-05      0.2857219   1.424798e-31
            Contribution:  10  74   1.478685e-05    0.001067153    8.01235e-31
            Contribution:   9  82   4.311697e-05   3.986072e-06   9.158595e-34
            Contribution:   9  81   4.311697e-05    0.003719632   6.969506e-33
            Contribution:   9  80   4.311697e-05      0.7275616   1.511278e-29
            Contribution:   9  79   4.311697e-05       29.83007   3.889182e-29
            Contribution:   9  78   4.311697e-05       256.3621   6.576938e-33
            Contribution:   9  77   4.311697e-05       461.8151   4.577093e-33
            Contribution:   9  76   4.311697e-05       174.3803    1.47454e-34
            Contribution:   9  75   4.311697e-05       13.80198   1.074327e-32
            Contribution:   9  74   4.311697e-05      0.2289815   1.864431e-32
            Contribution:   9  73   4.311697e-05   0.0007962953    1.63999e-31
            Contribution:   8  81   0.0001257247   5.637146e-06    5.89816e-32
            Contribution:   8  80   0.0001257247    0.004897843   2.449708e-30
            Contribution:   8  79   0.0001257247      0.8920009   4.133479e-30
            Contribution:   8  78   0.0001257247       34.05184    3.11245e-30
            Contribution:   8  77   0.0001257247       272.4775   1.540564e-30
            Contribution:   8  76   0.0001257247       457.0206   1.903428e-31
            Contribution:   8  75   0.0001257247       160.6777   3.575308e-32
            Contribution:   8  74   0.0001257247       11.84106   3.478711e-31
            Contribution:   8  73   0.0001257247      0.1829111   2.943426e-30
            Contribution:   8  72   0.0001257247   0.0005922494    1.25193e-30
            Contribution:   7  80   0.0003666005   7.946144e-06   2.530792e-31
            Contribution:   7  79   0.0003666005    0.006428249   8.775018e-33
            Contribution:   7  78   0.0003666005       1.090043   2.568386e-31
            Contribution:   7  77   0.0003666005       38.74447   5.720493e-31
            Contribution:   7  76   0.0003666005       288.6627    9.70434e-31
            Contribution:   7  75   0.0003666005       450.8026   9.959486e-33
            Contribution:   7  74   0.0003666005       147.5696   8.840139e-31
            Contribution:   7  73   0.0003666005       10.12564   1.919117e-31
            Contribution:   7  72   0.0003666005       0.145634   4.175544e-33
            Contribution:   7  71   0.0003666005   0.0004390541   1.047317e-32
            Contribution:   6  79     0.00106897   1.116443e-05   4.577093e-33
            Contribution:   6  78     0.00106897    0.008409369   5.112102e-33
            Contribution:   6  77     0.00106897       1.327716   1.579777e-32
            Contribution:   6  76     0.00106897       43.94019   8.315709e-32
            Contribution:   6  75     0.00106897        304.813   1.745306e-32
            Contribution:   6  74     0.00106897       443.2206   1.854385e-32
            Contribution:   6  73     0.00106897       135.0894   1.277012e-31
            Contribution:   6  72     0.00106897       8.630529   7.897516e-32
            Contribution:   6  71     0.00106897      0.1155762   4.935948e-33
            Contribution:   6  70     0.00106897   0.0003244251   9.321501e-32
            Contribution:   5  78    0.003117008   1.563506e-05   8.453027e-33
            Contribution:   5  77    0.003117008     0.01096522   2.330375e-32
            Contribution:   5  76    0.003117008       1.611943   7.159964e-32
            Contribution:   5  75    0.003117008       49.67033   1.333901e-32
            Contribution:   5  74    0.003117008       320.8185   2.860683e-32
            Contribution:   5  73    0.003117008       434.3467   5.195204e-31
            Contribution:   5  72    0.003117008       123.2618   4.296323e-32
            Contribution:   5  71    0.003117008       7.332218   2.799369e-31
            Contribution:   5  70    0.003117008     0.09142335   8.876876e-32
            Contribution:   5  69    0.003117008   0.0002389427   4.270378e-32
            Contribution:   4  77     0.00908888   2.182456e-05   3.749816e-31
            Contribution:   4  76     0.00908888     0.01425128   3.842531e-32
            Contribution:   4  75     0.00908888        1.95064    1.26773e-31
            Contribution:   4  74     0.00908888       55.96483   5.887633e-32
            Contribution:   4  73     0.00908888       336.5644   1.871399e-33
            Contribution:   4  72     0.00908888       424.2638   9.038491e-33
            Contribution:   4  71     0.00908888       112.1034   3.088777e-32
            Contribution:   4  70     0.00908888       6.208923   6.860191e-33
            Contribution:   4  69     0.00908888     0.07208232   8.889676e-34
            Contribution:   4  68     0.00908888   0.0001754107   9.777104e-33
            Contribution:   3  76     0.02650225   3.036508e-05   1.489775e-33
            Contribution:   3  75     0.02650225     0.01846178   2.274442e-32
            Contribution:   3  74     0.02650225       2.352813   4.293936e-32
            Contribution:   3  73     0.02650225       62.85159   3.641211e-34
            Contribution:   3  72     0.02650225        351.933   1.232595e-32
            Contribution:   3  71     0.02650225       413.0651   2.225653e-32
            Contribution:   3  70     0.02650225        101.623    1.92593e-34
            Contribution:   3  69     0.02650225        5.24059   2.606213e-32
            Contribution:   3  68     0.02650225     0.05664784     7.8271e-33
            Contribution:   3  67     0.02650225   0.0001283516   2.708339e-35
            Contribution:   2  75     0.07727789   4.211012e-05   3.359316e-32
            Contribution:   2  74     0.07727789     0.02383835   1.175494e-32
            Contribution:   2  73     0.07727789        2.82866   7.523164e-35
            Contribution:   2  72     0.07727789       70.35587   3.774823e-32
            Contribution:   2  71     0.07727789       366.8045     7.8271e-33
            Contribution:   2  70     0.07727789       400.8519   1.560003e-32
            Contribution:   2  69     0.07727789       91.82228   3.510007e-32
            Contribution:   2  68     0.07727789       4.408868    5.89816e-34
            Contribution:   2  67     0.07727789     0.04437322   1.830837e-32
            Contribution:   2  66     0.07727789    9.36116e-05   1.681446e-32
            Contribution:   1  74      0.2253345   5.820782e-05   1.391033e-33
            Contribution:   1  73      0.2253345     0.03068046   2.773339e-32
            Contribution:   1  72      0.2253345       3.389668   5.435486e-33
            Contribution:   1  71      0.2253345       78.49958   3.636041e-34
            Contribution:   1  70      0.2253345       381.0592   1.733337e-33
            Contribution:   1  69      0.2253345       387.7326   1.203706e-33
            Contribution:   1  68      0.2253345       82.69651   1.310836e-32
            Contribution:   1  67      0.2253345       3.697063   3.478711e-33
            Contribution:   1  66      0.2253345     0.03464507   2.547042e-32
            Contribution:   1  65      0.2253345     6.8052e-05   5.774465e-30
            Contribution:   0  73      0.6570526    8.01972e-05   2.359264e-33
            Contribution:   0  72      0.6570526     0.03935776   9.846165e-33
            Contribution:   0  71      0.6570526       4.048708    1.22522e-32
            Contribution:   0  70      0.6570526       87.30062   1.623009e-33
            Contribution:   0  69      0.6570526       394.5782   1.916591e-32
            Contribution:   0  68      0.6570526        373.821   3.646612e-36
            Contribution:   0  67      0.6570526        74.2351   1.330772e-32
            Contribution:   0  66      0.6570526        3.09008   4.431567e-33
            Contribution:   0  65      0.6570526     0.02696155   4.320561e-33
            Contribution:   0  64      0.6570526   4.931001e-05   6.375419e-30
        <\chi_n|\chi_m> @ T =          300.46933667084       8.9824025678956e-30
        atomic unit dQ :           96.40420464937
        atomic unit freqi/f:       0.0010183075338065       0.0010670693930577

        Temperature :  300 K ; Maximum initial state oscillator quantum number   12
                          n   m   occupation     deltacoef      overlap
            Contribution:  12  88   1.739126e-06    2.99122e-06   3.979754e-32
            Contribution:  12  87   1.739126e-06    0.002959888   2.255406e-35
            Contribution:  12  86   1.739126e-06      0.6139272   4.701977e-32
            Contribution:  12  85   1.739126e-06       26.69153   2.979248e-32
            Contribution:  12  84   1.739126e-06       243.2455   4.173111e-33
            Contribution:  12  83   1.739126e-06       464.6555    4.77751e-32
            Contribution:  12  82   1.739126e-06       186.0511   1.866215e-32
            Contribution:  12  81   1.739126e-06       15.61522   4.754828e-33
            Contribution:  12  80   1.739126e-06      0.2747129   1.591901e-33
            Contribution:  12  79   1.739126e-06    0.001013036   5.988026e-32
            Contribution:  11  87   5.071114e-06   4.241569e-06   1.793054e-32
            Contribution:  11  86   5.071114e-06    0.003907905   8.411804e-33
            Contribution:  11  85   5.071114e-06      0.7547035   5.278576e-33
            Contribution:  11  84   5.071114e-06       30.55087   5.120453e-33
            Contribution:  11  83   5.071114e-06       259.2303   3.357329e-34
            Contribution:  11  82   5.071114e-06       461.0656   5.308344e-33
            Contribution:  11  81   5.071114e-06       171.8916   2.715862e-34
            Contribution:  11  80   5.071114e-06       13.43264   8.693956e-33
            Contribution:  11  79   5.071114e-06      0.2200305   1.021063e-32
            Contribution:  11  78   5.071114e-06   0.0007554736   1.653039e-33
            Contribution:  10  86   1.478685e-05   5.994979e-06   2.123338e-32
            Contribution:  10  85   1.478685e-05    0.005142755   2.530792e-33
            Contribution:  10  84   1.478685e-05      0.9247384   1.016685e-32
            Contribution:  10  83   1.478685e-05       34.85434   2.330375e-32
            Contribution:  10  82   1.478685e-05       275.3656   3.081488e-33
            Contribution:  10  81   1.478685e-05       456.0131   2.238611e-32
            Contribution:  10  80   1.478685e-05       158.2923   8.775018e-33
            Contribution:  10  79   1.478685e-05       11.51747   5.586419e-34
            Contribution:  10  78   1.478685e-05      0.1756587   6.141463e-33
            Contribution:  10  77   1.478685e-05   0.0005615607   2.034264e-33
            Contribution:   9  85   4.311697e-05   8.445623e-06   1.524672e-28
            Contribution:   9  84   4.311697e-05    0.006745755   2.405803e-28
            Contribution:   9  83   4.311697e-05       1.129391   6.093763e-33
            Contribution:   9  82   4.311697e-05       39.63446   9.158595e-34
            Contribution:   9  81   4.311697e-05       291.5523   6.969506e-33
            Contribution:   9  80   4.311697e-05       449.5468   1.511278e-29
            Contribution:   9  79   4.311697e-05       145.2941   3.889182e-29
            Contribution:   9  78   4.311697e-05       9.843198   6.576938e-33
            Contribution:   9  77   4.311697e-05      0.1397781   4.577093e-33
            Contribution:   9  76   4.311697e-05   0.0004160611    1.47454e-34
            Contribution:   8  84   0.0001257247   1.185929e-05   2.242776e-29
            Contribution:   8  83   0.0001257247    0.008819588   1.275506e-29
            Contribution:   8  82   0.0001257247       1.374842   2.733042e-30
            Contribution:   8  81   0.0001257247       44.92335    5.89816e-32
            Contribution:   8  80   0.0001257247        307.685   2.449708e-30
            Contribution:   8  79   0.0001257247       441.7285   4.133479e-30
            Contribution:   8  78   0.0001257247       132.9289    3.11245e-30
            Contribution:   8  77   0.0001257247       8.384906   1.540564e-30
            Contribution:   8  76   0.0001257247      0.1108643   1.903428e-31
            Contribution:   8  75   0.0001257247   0.0003072561   3.575308e-32
            Contribution:   7  83   0.0003666005   1.659849e-05   7.871947e-31
            Contribution:   7  82   0.0003666005     0.01149341   5.606939e-32
            Contribution:   7  81   0.0003666005       1.668185   1.399682e-30
            Contribution:   7  80   0.0003666005       50.75212   2.530792e-31
            Contribution:   7  79   0.0003666005       323.6526   8.775018e-33
            Contribution:   7  78   0.0003666005       432.6323   2.568386e-31
            Contribution:   7  77   0.0003666005       121.2198   5.720493e-31
            Contribution:   7  76   0.0003666005       7.119395    9.70434e-31
            Contribution:   7  75   0.0003666005     0.08764507   9.959486e-33
            Contribution:   7  74   0.0003666005   0.0002261657   8.840139e-31
            Contribution:   6  82     0.00106897    2.31559e-05   1.075477e-30
            Contribution:   6  81     0.00106897     0.01492907   8.453027e-33
            Contribution:   6  80     0.00106897       2.017523   3.343157e-31
            Contribution:   6  79     0.00106897        57.1504   4.577093e-33
            Contribution:   6  78     0.00106897       339.3399   5.112102e-33
            Contribution:   6  77     0.00106897       422.3431   1.579777e-32
            Contribution:   6  76     0.00106897        110.182   8.315709e-32
            Contribution:   6  75     0.00106897       6.025193   1.745306e-32
            Contribution:   6  74     0.00106897      0.0690631   1.854385e-32
            Contribution:   6  73     0.00106897   0.0001659343   1.277012e-31
            Contribution:   5  81    0.003117008   3.219865e-05    1.79786e-32
            Contribution:   5  80    0.003117008     0.01932855    1.92593e-34
            Contribution:   5  79    0.003117008       2.432069   4.683188e-32
            Contribution:   5  78    0.003117008       64.14567   8.453027e-33
            Contribution:   5  77    0.003117008       354.6285   2.330375e-32
            Contribution:   5  76    0.003117008       410.9555   7.159964e-32
            Contribution:   5  75    0.003117008       99.82306   1.333901e-32
            Contribution:   5  74    0.003117008       5.082552   2.860683e-32
            Contribution:   5  73    0.003117008     0.05424349   5.195204e-31
            Contribution:   5  72    0.003117008   0.0001213468   4.296323e-32
            Contribution:   4  80     0.00908888   4.462688e-05   4.119384e-32
            Contribution:   4  79     0.00908888     0.02494301   4.953483e-31
            Contribution:   4  78     0.00908888       2.922242    5.89816e-34
            Contribution:   4  77     0.00908888       71.76263   3.749816e-31
            Contribution:   4  76     0.00908888       369.3987   3.842531e-32
            Contribution:   4  75     0.00908888       398.5724    1.26773e-31
            Contribution:   4  74     0.00908888       90.14341   5.887633e-32
            Contribution:   4  73     0.00908888       4.273421   1.871399e-33
            Contribution:   4  72     0.00908888      0.0424651   9.038491e-33
            Contribution:   4  71     0.00908888   8.845116e-05   3.088777e-32
            Contribution:   3  79     0.02650225   6.165075e-05   5.229645e-33
            Contribution:   3  78     0.02650225     0.03208348   2.067623e-32
            Contribution:   3  77     0.02650225        3.49977    3.81707e-32
            Contribution:   3  76     0.02650225       80.02253   1.489775e-33
            Contribution:   3  75     0.02650225       383.5306   2.274442e-32
            Contribution:   3  74     0.02650225       385.3032   4.293936e-32
            Contribution:   3  73     0.02650225       81.13721   3.641211e-34
            Contribution:   3  72     0.02650225       3.581397   1.232595e-32
            Contribution:   3  71     0.02650225     0.03313597   2.225653e-32
            Contribution:   3  70     0.02650225   6.426311e-05    1.92593e-34
            Contribution:   2  78     0.07727789    8.48913e-05   8.453027e-33
            Contribution:   2  77     0.07727789     0.04113363   2.730175e-32
            Contribution:   2  76     0.07727789       4.177781   6.326981e-34
            Contribution:   2  75     0.07727789       88.94248   3.359316e-32
            Contribution:   2  74     0.07727789        396.906   1.175494e-32
            Contribution:   2  73     0.07727789       371.2624   7.523164e-35
            Contribution:   2  72     0.07727789       72.79292   3.774823e-32
            Contribution:   2  71     0.07727789        2.99166     7.8271e-33
            Contribution:   2  70     0.07727789     0.02577212   1.560003e-32
            Contribution:   2  69     0.07727789   4.653748e-05   3.510007e-32
            Contribution:   1  77      0.2253345   0.0001165121    1.47454e-32
            Contribution:   1  76      0.2253345     0.05256486   3.765767e-33
            Contribution:   1  75      0.2253345       4.970899   3.641211e-32
            Contribution:   1  74      0.2253345       98.53469   1.391033e-33
            Contribution:   1  73      0.2253345       409.4098   2.773339e-32
            Contribution:   1  72      0.2253345       356.5679   5.435486e-33
            Contribution:   1  71      0.2253345       65.09403   3.636041e-34
            Contribution:   1  70      0.2253345       2.490892   1.733337e-33
            Contribution:   1  69      0.2253345     0.01997945   1.203706e-33
            Contribution:   1  68      0.2253345   3.359131e-05   1.310836e-32
            Contribution:   0  76      0.6570526   0.0001593903   7.968728e-33
            Contribution:   0  75      0.6570526     0.06695407   5.899141e-36
            Contribution:   0  74      0.6570526       5.895316   1.328143e-32
            Contribution:   0  73      0.6570526       108.8058   2.359264e-33
            Contribution:   0  72      0.6570526       420.9319   9.846165e-33
            Contribution:   0  71      0.6570526       341.3395    1.22522e-32
            Contribution:   0  70      0.6570526       58.01979   1.623009e-33
            Contribution:   0  69      0.6570526       2.067191   1.916591e-32
            Contribution:   0  68      0.6570526     0.01543832   3.646612e-36
            Contribution:   0  67      0.6570526   2.416763e-05   1.330772e-32
        <\chi_n|\chi_m> @ T =          300.46933667084       1.2355271434173e-29
