5.000000000000000000e-01 5.068690086060981391e-06
5.282051282051282159e-01 7.194229246209433216e-06
5.564102564102564319e-01 1.021919520775757823e-05
5.846153846153846478e-01 1.452645320367416658e-05
6.128205128205128638e-01 2.066427750510014440e-05
6.410256410256410797e-01 2.941622165629551909e-05
6.692307692307692957e-01 4.190089710396610709e-05
6.974358974358974006e-01 5.972824750706906771e-05
7.256410256410257276e-01 8.519359767024664977e-05
7.538461538461538325e-01 1.216029735015504009e-04
7.820512820512821595e-01 1.736930439861480221e-04
8.102564102564102644e-01 2.482284426139042639e-04
8.384615384615384803e-01 3.549689107225508064e-04
8.666666666666666963e-01 5.077670233861682246e-04
8.948717948717949122e-01 7.267140107363208442e-04
9.230769230769231282e-01 1.040600658245114047e-03
9.512820512820513441e-01 1.491457965515964124e-03
9.794871794871795601e-01 2.141106723668192470e-03
1.007692307692307665e+00 3.080917030838842188e-03
1.035897435897435992e+00 4.449480630188236245e-03
1.064102564102564319e+00 6.455461882590194517e-03
1.092307692307692424e+00 9.423512421067000919e-03
1.120512820512820529e+00 1.385355089923772515e-02
1.148717948717948856e+00 2.053865206247221936e-02
1.176923076923076961e+00 3.072981038143566754e-02
1.205128205128205288e+00 4.644583933511252372e-02
1.233333333333333393e+00 7.094784083977913325e-02
1.261538461538461497e+00 1.095897619496475905e-01
1.289743589743589824e+00 1.712165356051936482e-01
1.317948717948718151e+00 2.706116163360504645e-01
1.346153846153846256e+00 4.327140880274609192e-01
1.374358974358974361e+00 6.999776781303241879e-01
1.402564102564102688e+00 1.145434173789979138e+00
1.430769230769231015e+00 1.895699477296638236e+00
1.458974358974359120e+00 3.172637854052124950e+00
1.487179487179487225e+00 5.367843623139651577e+00
1.515384615384615552e+00 9.179594458478531394e+00
1.543589743589743657e+00 1.586185366870587998e+01
1.571794871794871984e+00 2.768818136331517366e+01
1.600000000000000089e+00 4.880960483499310953e+01
