2.200000000000000011e-01 1.773806426182857557e-06
2.468965517241379359e-01 2.297929069260511701e-06
2.737931034482758430e-01 3.161578044689048508e-06
3.006896551724138056e-01 4.602816859125588370e-06
3.275862068965517127e-01 7.067153410449325619e-06
3.544827586206896752e-01 1.140868993032267744e-05
3.813793103448275823e-01 1.930983135157611971e-05
4.082758620689654894e-01 3.417853789125020096e-05
4.351724137931034520e-01 6.311525498104698614e-05
4.620689655172414145e-01 1.213332281441012114e-04
4.889655172413792661e-01 2.423421478771702444e-04
5.158620689655172287e-01 5.019961483101894294e-04
5.427586206896551912e-01 1.076696357409374916e-03
5.696551724137931538e-01 2.387760111556365764e-03
5.965517241379310054e-01 5.468431092498003340e-03
6.234482758620689680e-01 1.292012258834026976e-02
6.503448275862069305e-01 3.146610950032693171e-02
6.772413793103447821e-01 7.894189899054161741e-02
7.041379310344827447e-01 2.039097054956892918e-01
7.310344827586207073e-01 5.420738539918178445e-01
7.579310344827585588e-01 1.482601284441688483e+00
7.848275862068965214e-01 4.170676983398944770e+00
8.117241379310344840e-01 1.206367360528899901e+01
8.386206896551724466e-01 3.586845335881691454e+01
8.655172413793102981e-01 1.095882255129121177e+02
8.924137931034482607e-01 3.439357591638671465e+02
9.193103448275862233e-01 1.108362775654868074e+03
9.462068965517240748e-01 3.665996610619956300e+03
9.731034482758620374e-01 1.243966700771515025e+04
1.000000000000000000e+00 4.328341291720655863e+04
