        atomic unit dQ :          407.36638042676
        atomic unit freqi/f:       0.0006293484150696      0.00061037439141399

        Temperature :  300 K ; Maximum initial state oscillator quantum number   20
                          n   m   occupation     deltacoef      overlap
            Contribution:  20 119   8.706272e-07   0.0002758373    0.001150715
            Contribution:  20 118   8.706272e-07      0.1161387    0.004282197
            Contribution:  20 117   8.706272e-07       10.24981    0.008426544
            Contribution:  20 116   8.706272e-07       189.6137     0.01218293
            Contribution:  20 115   8.706272e-07       735.2557     0.01415683
            Contribution:  20 114   8.706272e-07       597.6156     0.01349671
            Contribution:  20 113   8.706272e-07        101.817     0.01031786
            Contribution:  20 112   8.706272e-07       3.636081     0.00579017
            Contribution:  20 111   8.706272e-07     0.02721835    0.001764212
            Contribution:  20 110   8.706272e-07   4.270756e-05   8.205031e-06
            Contribution:  19 118   1.686853e-06   0.0002229454   0.0003830205
            Contribution:  19 117   1.686853e-06       0.098541   0.0002168483
            Contribution:  19 116   1.686853e-06       9.129569    0.002312277
            Contribution:  19 115   1.686853e-06       177.2958     0.00606201
            Contribution:  19 114   1.686853e-06       721.7081     0.01026851
            Contribution:  19 113   1.686853e-06       615.7997     0.01346366
            Contribution:  19 112   1.686853e-06       110.1368     0.01440962
            Contribution:  19 111   1.686853e-06       4.128953     0.01261667
            Contribution:  19 110   1.686853e-06      0.0324461    0.008651664
            Contribution:  19 109   1.686853e-06   5.344412e-05    0.004041619
            Contribution:  18 117   3.268303e-06   0.0001799237     0.00509289
            Contribution:  18 116   3.268303e-06      0.0834836    0.001618235
            Contribution:  18 115   3.268303e-06       8.119493   4.136233e-05
            Contribution:  18 114   3.268303e-06        165.528   0.0007800075
            Contribution:  18 113   3.268303e-06       707.3412     0.00364373
            Contribution:  18 112   3.268303e-06       633.5798    0.007774698
            Contribution:  18 111   3.268303e-06       118.9566     0.01181747
            Contribution:  18 110   3.268303e-06       4.681561     0.01431939
            Contribution:  18 109   3.268303e-06     0.03861959     0.01426113
            Contribution:  18 108   3.268303e-06   6.677893e-05     0.01152334
            Contribution:  17 116   6.332386e-06   0.0001449847     0.01292732
            Contribution:  17 115   6.332386e-06     0.07062031    0.008117613
            Contribution:  17 114   6.332386e-06       7.210274    0.003782522
            Contribution:  17 113   6.332386e-06       154.3081   0.0008490648
            Contribution:  17 112   6.332386e-06       692.2145   2.733731e-05
            Contribution:  17 111   6.332386e-06       650.8897    0.001549357
            Contribution:  17 110   6.332386e-06       128.2889    0.004996414
            Contribution:  17 109   6.332386e-06       5.300119    0.009310706
            Contribution:  17 108   6.332386e-06     0.04589834     0.01304526
            Contribution:  17 107   6.332386e-06     8.3315e-05     0.01482212
            Contribution:  16 115   1.226909e-05   0.0001166543     0.02004388
            Contribution:  16 114   1.226909e-05     0.05964888     0.01631428
            Contribution:  16 113   1.226909e-05       6.393208     0.01166556
            Contribution:  16 112   1.226909e-05       143.6317    0.006847744
            Contribution:  16 111   1.226909e-05       676.3891    0.002787878
            Contribution:  16 110   1.226909e-05       667.6637   0.0003816709
            Contribution:  16 109   1.226909e-05       138.1446   0.0002291444
            Contribution:  16 108   1.226909e-05       5.991351    0.002389154
            Contribution:  16 107   1.226909e-05     0.05446664    0.006250589
            Contribution:  16 106   1.226909e-05    0.000103789     0.01060796
            Contribution:  15 114   2.377155e-05   9.371803e-05     0.02349107
            Contribution:  15 113   2.377155e-05     0.05030594     0.02226717
            Contribution:  15 112   2.377155e-05        5.66018     0.01951862
            Contribution:  15 111   2.377155e-05       133.4923     0.01546649
            Contribution:  15 110   2.377155e-05       659.9284     0.01064743
            Contribution:  15 109   2.377155e-05       683.8367    0.005871406
            Contribution:  15 108   2.377155e-05        148.533    0.002083435
            Contribution:  15 107   2.377155e-05       6.762515   0.0001379648
            Contribution:  15 106   2.377155e-05     0.06453695   0.0005320408
            Contribution:  15 105   2.377155e-05   0.0001290992    0.003178548
            Contribution:  14 113   4.605773e-05   7.517786e-05     0.02250847
            Contribution:  14 112   4.605773e-05     0.04236239     0.02376088
            Contribution:  14 111   4.605773e-05       5.003638     0.02373368
            Contribution:  14 110   4.605773e-05       123.8814     0.02219983
            Contribution:  14 109   4.605773e-05       642.8969      0.0191483
            Contribution:  14 108   4.605773e-05       699.3447     0.01485918
            Contribution:  14 107   4.605773e-05       159.4616    0.009926776
            Contribution:  14 106   4.605773e-05       7.621421    0.005200978
            Contribution:  14 105   4.605773e-05     0.07635379    0.001632495
            Contribution:  14 104   4.605773e-05   0.0001603393     3.6901e-05
            Contribution:  13 112   8.923753e-05    6.02145e-05     0.01829282
            Contribution:  13 111   8.923753e-05     0.03561935     0.02100476
            Contribution:  13 110   8.923753e-05       4.416577      0.0231104
            Contribution:  13 109   8.923753e-05       114.7891     0.02422712
            Contribution:  13 108   8.923753e-05       625.3599     0.02401597
            Contribution:  13 107   8.923753e-05       714.1254     0.02227153
            Contribution:  13 106   8.923753e-05       170.9361     0.01901515
            Contribution:  13 105   8.923753e-05       8.576457     0.01456511
            Contribution:  13 104   8.923753e-05     0.09019801    0.009551306
            Contribution:  13 103   8.923753e-05   0.0001988387    0.004846407
            Contribution:  12 111    0.000172899   4.815666e-05     0.01285123
            Contribution:  12 110    0.000172899     0.02990444      0.0158238
            Contribution:  12 109    0.000172899       3.892512     0.01881649
            Contribution:  12 108    0.000172899       106.2036     0.02153476
            Contribution:  12 107    0.000172899       607.3836     0.02361744
            Contribution:  12 106    0.000172899       728.1182     0.02468119
            Contribution:  12 105    0.000172899       182.9598     0.02439114
            Contribution:  12 104    0.000172899       9.636607     0.02255088
            Contribution:  12 103    0.000172899      0.1063917     0.01919455
            Contribution:  12 102    0.000172899   0.0002462101      0.0146545
            Contribution:  11 110   0.0003349945   3.845528e-05    0.007879809
            Contribution:  11 109   0.0003349945     0.02506858     0.01030638
            Contribution:  11 108   0.0003349945       3.425456     0.01308815
            Contribution:  11 107   0.0003349945       98.11195     0.01610114
            Contribution:  11 106   0.0003349945       589.0339     0.01913642
            Contribution:  11 105   0.0003349945       741.2651     0.02189945
            Contribution:  11 104   0.0003349945       195.5337     0.02402888
            Contribution:  11 103   0.0003349945       10.81147     0.02514025
            Contribution:  11 102   0.0003349945      0.1253033     0.02489556
            Contribution:  11 101   0.0003349945   0.0003044074     0.02309203
            Contribution:  10 109   0.0006490568   3.066196e-05    0.004233025
            Contribution:  10 108   0.0006490568     0.02098302    0.005841987
            Contribution:  10 107   0.0006490568       3.009893     0.00785843
            Contribution:  10 106   0.0006490568       90.50009     0.01028728
            Contribution:  10 105   0.0006490568       570.3767      0.0130817
            Contribution:  10 104   0.0006490568       753.5108     0.01612453
            Contribution:  10 103   0.0006490568       208.6565     0.01921479
            Contribution:  10 102   0.0006490568       12.11126     0.02206556
            Contribution:  10 101   0.0006490568      0.1473539     0.02432042
            Contribution:  10 100   0.0006490568   0.0003757932      0.0255938
            Contribution:   9 108    0.001257557   2.441114e-05    0.001991442
            Contribution:   9 107    0.001257557     0.01753681    0.002885622
            Contribution:   9 106    0.001257557       2.640755    0.004087511
            Contribution:   9 105    0.001257557       83.35284    0.005653782
            Contribution:   9 104    0.001257557       551.4772    0.007626475
            Contribution:   9 103    0.001257557       764.8032     0.01001779
            Contribution:   9 102    0.001257557       222.3241     0.01279189
            Contribution:   9 101    0.001257557       13.54685     0.01584627
            Contribution:   9 100    0.001257557      0.1730235     0.01899702
            Contribution:   9  99    0.001257557   0.0004632194       0.021974
            Contribution:   8 107    0.002436536    1.94053e-05   0.0008171539
            Contribution:   8 106    0.002436536     0.01463448    0.001238443
            Contribution:   8 105    0.002436536       2.313392    0.001839117
            Contribution:   8 104    0.002436536       76.65421    0.002673886
            Contribution:   8 103    0.002436536       532.3995    0.003802524
            Contribution:   8 102    0.002436536       775.0936    0.005283725
            Contribution:   8 101    0.002436536       236.5296    0.007165203
            Contribution:   8 100    0.002436536       15.12975    0.009469795
            Contribution:   8  99    0.002436536      0.2028583     0.01217822
            Contribution:   8  98    0.002436536   0.0005701234     0.01521052
            Contribution:   7 106    0.004720824   1.540271e-05   0.0002902077
            Contribution:   7 105    0.004720824     0.01219406   0.0004586304
            Contribution:   7 104    0.004720824       2.023554   0.0007115487
            Contribution:   7 103    0.004720824       70.38756    0.001083079
            Contribution:   7 102    0.004720824       513.2062    0.001616319
            Contribution:   7 101    0.004720824       784.3373    0.002363042
            Contribution:   7 100    0.004720824        251.263    0.003381584
            Contribution:   7  99    0.004720824       16.87211    0.004732105
            Contribution:   7  98    0.004720824      0.2374788    0.006468449
            Contribution:   7  97    0.004720824   0.0007006404    0.008626129
            Contribution:   6 105    0.009146667   1.220725e-05   8.814364e-05
            Contribution:   6 104    0.009146667     0.01014527   0.0001448962
            Contribution:   6 103    0.009146667       1.767358   0.0002342077
            Contribution:   6 102    0.009146667        64.5357   0.0003720591
            Contribution:   6 101    0.009146667       493.9585   0.0005805772
            Contribution:   6 100    0.009146667       792.4937   0.0008893957
            Contribution:   6  99    0.009146667       266.5115    0.001336726
            Contribution:   6  98    0.009146667       18.78673    0.001969696
            Contribution:   6  97    0.009146667      0.2775882    0.002843343
            Contribution:   6  96    0.009146667   0.0008597374    0.004017518
            Contribution:   5 104      0.0177218   9.660133e-06   2.249843e-05
            Contribution:   5 103      0.0177218    0.008427977   3.839245e-05
            Contribution:   5 102      0.0177218       1.541269   6.450679e-05
            Contribution:   5 101      0.0177218       59.08108    0.000106676
            Contribution:   5 100      0.0177218       474.7154   0.0001735617
            Contribution:   5  99      0.0177218       799.5269   0.0002777002
            Contribution:   5  98      0.0177218       282.2589   0.0004367453
            Contribution:   5  97      0.0177218       20.88705   0.0006748177
            Contribution:   5  96      0.0177218      0.3239825    0.001023782
            Contribution:   5  95      0.0177218     0.00105337    0.001524135
            Contribution:   4 103     0.03433626   7.632952e-06   4.704312e-06
            Contribution:   4 102     0.03433626    0.006990805   8.319055e-06
            Contribution:   4 101     0.03433626       1.342075     1.4502e-05
            Contribution:   4 100     0.03433626       54.00589   2.491321e-05
            Contribution:   4  99     0.03433626       455.5336   4.216409e-05
            Contribution:   4  98     0.03433626       805.4055   7.027833e-05
            Contribution:   4  97     0.03433626       298.4857   0.0001153215
            Contribution:   4  96     0.03433626       23.18716   0.0001862271
            Contribution:   4  95     0.03433626      0.3775602   0.0002958284
            Contribution:   4  94     0.03433626    0.001288665   0.0004620694
            Contribution:   3 102     0.06652701   6.022076e-06   7.752877e-07
            Contribution:   3 101     0.06652701    0.005789956   1.418708e-06
            Contribution:   3 100     0.06652701       1.166861   2.561816e-06
            Contribution:   3  99     0.06652701       49.29219   4.563808e-06
            Contribution:   3  98     0.06652701       436.4674   8.019098e-06
            Contribution:   3  97     0.06652701       810.1032   1.389412e-05
            Contribution:   3  96     0.06652701       315.1692   2.373154e-05
            Contribution:   3  95     0.06652701       25.70171    3.99471e-05
            Contribution:   3  94     0.06652701      0.4393345   6.624857e-05
            Contribution:   3  93     0.06652701     0.00157414   0.0001082077
            Contribution:   2 101      0.1288971   4.743994e-06   9.459325e-08
            Contribution:   2 100      0.1288971    0.004788149   1.788953e-07
            Contribution:   2  99      0.1288971       1.012992   3.341661e-07
            Contribution:   2  98      0.1288971       44.92202   6.164138e-07
            Contribution:   2  97      0.1288971       417.5682   1.122658e-06
            Contribution:   2  96      0.1288971       813.5989    2.01838e-06
            Contribution:   2  95      0.1288971       332.2831   3.581372e-06
            Contribution:   2  94      0.1288971       28.44598   6.270384e-06
            Contribution:   2  93      0.1288971      0.5104445   1.083027e-05
            Contribution:   2  92      0.1288971    0.001919955    4.32901e-17
            Contribution:   1 100        0.24974   3.731525e-06   7.607911e-09
            Contribution:   1  99        0.24974    0.003953705   3.204355e-17
            Contribution:   1  98        0.24974       0.878086    2.86683e-08
            Contribution:   1  97        0.24974       40.87754   1.285121e-17
            Contribution:   1  96        0.24974       398.8846   1.030945e-07
            Contribution:   1  95        0.24974       815.8769   1.920362e-07
            Contribution:   1  94        0.24974       349.7977   3.533973e-07
            Contribution:   1  93        0.24974       31.43577   6.424035e-07
            Contribution:   1  92        0.24974      0.5921695    1.11832e-18
            Contribution:   1  91        0.24974    0.002338207   2.044578e-06
            Contribution:   0  99      0.4838749    2.93071e-06   4.035343e-19
            Contribution:   0  98      0.4838749    0.003259757   3.564282e-18
            Contribution:   0  97      0.4838749      0.7599979   1.618392e-19
            Contribution:   0  96      0.4838749       37.14107   2.804698e-18
            Contribution:   0  95      0.4838749       380.4621   1.788058e-18
            Contribution:   0  94      0.4838749       816.9269   8.738705e-19
            Contribution:   0  93      0.4838749       367.6799   3.498637e-18
            Contribution:   0  92      0.4838749       34.68738   1.408335e-20
            Contribution:   0  91      0.4838749      0.6859427   3.287264e-18
            Contribution:   0  90      0.4838749    0.002843277   1.337632e-18
        <\chi_n|\chi_m> @ T =          300.46933667084          0.12302733677095
