1.185296992534589977e+00 1.990545589999932252e+00
1.806622028943850822e+00 2.000359540000012259e+00
2.389711678497157266e+00 2.075590599999863173e+00
0.000000000000000000e+00 2.166943489999916039e+00
5.830896495533063328e-01 2.048401749999960941e+00
1.204414685962567289e+00 1.989785819999873473e+00
9.367669779708857059e-01 2.006549489999919444e+00
1.118385065536669609e+00 1.993746869999917015e+00
1.452944700526271671e+00 1.986010000000000053e+00
1.194855839248578633e+00 1.990155249999965070e+00
1.271326612960487656e+00 1.987675829999865362e+00
