-9.558846713988629687e-03 1.299999894399661571e-07
0.000000000000000000e+00 0.000000000000000000e+00
-7.647077371190903750e-02 5.045499999596358975e-04
7.647077371190903750e-02 6.968299999243754428e-04
2.580888612776929825e-01 7.145789999867702136e-03
9.558846713988629687e-03 1.919999999699939508e-05
-6.117661896952723000e-01 3.733306999993146746e-02
1.194855839248578633e+00 1.426111199998558732e-01
-2.580888612776929825e-01 6.419319999849903979e-03
-1.194855839248578633e+00 1.453394599998318881e-01
6.117661896952723000e-01 3.813171999991027405e-02
