0.000000E+00	1.000000	0.000000	
1.000000E-02	0.982524	0.002318	
2.000000E-02	0.916739	-0.003673	
3.000000E-02	0.837348	-0.000574	
4.000000E-02	0.783565	0.002978	
5.000000E-02	0.723923	0.005138	
6.000000E-02	0.662273	0.001567	
7.000000E-02	0.619003	-0.000738	
8.000000E-02	0.581901	-0.000608	
9.000000E-02	0.544412	0.000548	
1.000000E-01	0.499653	-0.000781	
1.100000E-01	0.456879	-0.004414	
1.200000E-01	0.427179	-0.001071	
1.300000E-01	0.392811	-0.002955	
1.400000E-01	0.368763	-0.003509	
1.500000E-01	0.349221	-0.001619	
1.600000E-01	0.321941	-0.003324	
1.700000E-01	0.300082	-0.005426	
1.800000E-01	0.276577	-0.006638	
1.900000E-01	0.258207	-0.004876	
2.000000E-01	0.239081	-0.001527	
2.100000E-01	0.224667	-0.002147	
2.200000E-01	0.209274	-0.002121	
2.300000E-01	0.194787	-0.000352	
2.400000E-01	0.184500	-0.001045	
2.500000E-01	0.170537	-0.002519	
2.600000E-01	0.157943	-0.003254	
2.700000E-01	0.146120	-0.001249	
2.800000E-01	0.137109	-0.001454	
2.900000E-01	0.128644	-0.000095	
3.000000E-01	0.118967	0.002026	
3.100000E-01	0.112513	0.002041	
3.200000E-01	0.105788	0.000609	
3.300000E-01	0.098182	0.000697	
3.400000E-01	0.092521	0.000358	
3.500000E-01	0.088087	0.002739	
3.600000E-01	0.083764	0.001620	
3.700000E-01	0.078845	0.002274	
3.800000E-01	0.074689	0.002664	
3.900000E-01	0.071246	0.002869	
4.000000E-01	0.065887	0.002864	
4.100000E-01	0.063685	0.002820	
4.200000E-01	0.059314	0.001267	
4.300000E-01	0.055264	0.000780	
4.400000E-01	0.051378	-0.000290	
4.500000E-01	0.049614	0.000702	
4.600000E-01	0.046997	0.000422	
4.700000E-01	0.043619	-0.000804	
4.800000E-01	0.042398	-0.000211	
4.900000E-01	0.040899	-0.000900	
5.000000E-01	0.038537	-0.000469	
5.100000E-01	0.036522	-0.000225	
5.200000E-01	0.035288	-0.000356	
5.300000E-01	0.033243	0.000367	
5.400000E-01	0.030710	0.000388	
5.500000E-01	0.028654	0.000888	
5.600000E-01	0.027591	-0.000007	
5.700000E-01	0.026328	0.000151	
5.800000E-01	0.024992	0.000428	
5.900000E-01	0.023673	0.000246	
6.000000E-01	0.021843	0.001119	
6.100000E-01	0.020625	0.000600	
6.200000E-01	0.020274	0.000449	
6.300000E-01	0.018999	0.000127	
6.400000E-01	0.017604	-0.000203	
6.500000E-01	0.016962	-0.000102	
6.600000E-01	0.015479	-0.000096	
6.700000E-01	0.014499	-0.000592	
6.800000E-01	0.013288	-0.000530	
6.900000E-01	0.012887	-0.000485	
7.000000E-01	0.011766	-0.000201	
7.100000E-01	0.011123	-0.000262	
7.200000E-01	0.010343	0.000002	
7.300000E-01	0.009199	-0.000567	
7.400000E-01	0.008769	-0.000449	
7.500000E-01	0.008321	-0.000348	
7.600000E-01	0.008049	-0.000684	
7.700000E-01	0.007294	-0.000485	
7.800000E-01	0.007263	-0.000485	
7.900000E-01	0.007330	-0.000076	
8.000000E-01	0.006780	-0.000521	
8.100000E-01	0.006335	-0.000367	
8.200000E-01	0.006026	-0.000035	
8.300000E-01	0.005887	-0.000173	
8.399990E-01	0.005448	-0.000384	
8.499990E-01	0.005413	-0.000379	
8.599990E-01	0.005372	-0.000132	
8.699990E-01	0.005396	-0.000046	
8.799990E-01	0.005275	0.000068	
8.899990E-01	0.004712	0.000034	
8.999990E-01	0.004753	0.000162	
9.099990E-01	0.004762	0.000188	
9.199990E-01	0.004381	-0.000019	
9.299990E-01	0.004442	-0.000124	
9.399990E-01	0.004366	-0.000152	
9.499990E-01	0.004179	-0.000384	
9.599990E-01	0.003811	-0.000207	
9.699990E-01	0.003664	-0.000381	
9.799990E-01	0.003450	-0.000635	
9.899990E-01	0.003380	-0.000350	
9.999990E-01	0.003207	-0.000357	
1.010000E+00	0.003160	-0.000419	
1.020000E+00	0.003051	-0.000384	
1.030000E+00	0.002923	-0.000492	
1.040000E+00	0.002767	-0.000495	
1.050000E+00	0.002574	-0.000438	
1.060000E+00	0.002556	-0.000531	
1.070000E+00	0.002621	-0.000300	
1.080000E+00	0.002635	-0.000508	
1.090000E+00	0.002371	-0.000400	
1.100000E+00	0.002104	-0.000465	
1.110000E+00	0.001947	-0.000379	
1.120000E+00	0.001876	-0.000329	
1.130000E+00	0.001745	-0.000381	
1.140000E+00	0.001724	-0.000213	
1.150000E+00	0.001648	-0.000237	
1.160000E+00	0.001681	-0.000089	
1.170000E+00	0.001522	0.000115	
1.180000E+00	0.001394	0.000183	
1.190000E+00	0.001264	0.000152	
1.200000E+00	0.001249	0.000252	
1.210000E+00	0.001264	0.000303	
1.220000E+00	0.001296	0.000241	
1.230000E+00	0.001133	0.000129	
1.240000E+00	0.000957	0.000101	
1.250000E+00	0.000773	-0.000098	
1.260000E+00	0.000852	-0.000106	
1.270000E+00	0.000872	-0.000063	
1.280000E+00	0.000935	-0.000101	
1.290000E+00	0.001074	-0.000064	
1.300000E+00	0.000954	-0.000178	
1.310000E+00	0.000656	-0.000227	
1.320000E+00	0.000481	-0.000104	
1.330000E+00	0.000431	-0.000194	
1.340000E+00	0.000593	-0.000123	
1.350000E+00	0.000728	-0.000061	
1.360000E+00	0.000842	-0.000105	
1.370000E+00	0.000784	-0.000225	
1.380000E+00	0.000507	-0.000322	
1.390000E+00	0.000572	-0.000285	
1.400000E+00	0.000473	-0.000297	
1.410000E+00	0.000801	-0.000278	
1.420000E+00	0.000654	-0.000172	
1.430000E+00	0.000610	-0.000133	
1.440000E+00	0.000636	-0.000158	
1.450000E+00	0.000566	-0.000215	
1.460000E+00	0.000298	-0.000042	
1.470000E+00	0.000404	0.000087	
1.480000E+00	0.000575	0.000262	
1.490000E+00	0.000598	0.000347	
1.500000E+00	0.000414	0.000366	
1.510000E+00	0.000441	0.000200	
1.520000E+00	0.000404	-0.000141	
1.530000E+00	0.000470	-0.000213	
1.540000E+00	0.000549	0.000085	
1.550000E+00	0.000587	-0.000028	
1.560000E+00	0.000695	-0.000074	
1.570000E+00	0.000572	-0.000047	
1.580000E+00	0.000408	-0.000250	
1.590000E+00	0.000293	-0.000171	
1.600000E+00	0.000391	-0.000141	
1.610000E+00	0.000393	-0.000225	
1.620000E+00	0.000435	-0.000141	
1.630000E+00	0.000334	-0.000147	
1.640000E+00	0.000232	-0.000106	
1.650000E+00	0.000131	-0.000140	
1.660000E+00	0.000248	-0.000127	
1.670000E+00	0.000126	-0.000030	
1.680000E+00	0.000140	0.000041	
1.690000E+00	0.000136	-0.000037	
1.700000E+00	-0.000013	-0.000001	
1.710000E+00	0.000094	-0.000037	
1.720000E+00	0.000178	-0.000050	
1.730000E+00	0.000324	0.000084	
1.740000E+00	0.000281	0.000097	
1.750000E+00	0.000263	0.000012	
1.760000E+00	0.000258	-0.000072	
1.770000E+00	0.000260	-0.000109	
1.780000E+00	0.000268	-0.000097	
1.790000E+00	0.000285	0.000123	
1.800000E+00	0.000233	-0.000070	
1.810000E+00	0.000122	-0.000013	
1.820000E+00	0.000133	0.000025	
1.830000E+00	0.000118	0.000097	
1.840000E+00	0.000205	0.000167	
1.850000E+00	0.000072	0.000188	
1.860000E+00	0.000174	0.000255	
1.870000E+00	0.000125	0.000304	
1.880000E+00	0.000122	0.000316	
1.890000E+00	0.000060	0.000312	
1.900000E+00	0.000084	0.000165	
1.910000E+00	0.000095	0.000120	
1.920000E+00	0.000118	0.000126	
1.930000E+00	0.000117	0.000086	
1.940000E+00	0.000072	0.000113	
1.950000E+00	-0.000073	0.000018	
1.960000E+00	0.000032	0.000029	
1.970000E+00	0.000147	0.000056	
1.980000E+00	0.000005	-0.000004	
1.990000E+00	-0.000046	0.000069	
2.000000E+00	0.000045	-0.000068	
2.010000E+00	0.000027	-0.000053	
2.020000E+00	-0.000035	-0.000011	
2.030000E+00	-0.000052	-0.000027	
2.040000E+00	-0.000115	-0.000054	
2.050000E+00	0.000025	0.000044	
2.060000E+00	0.000023	0.000031	
2.070000E+00	-0.000033	0.000047	
2.080000E+00	0.000091	0.000080	
2.090000E+00	0.000070	0.000118	
2.100000E+00	0.000030	0.000131	
2.110000E+00	-0.000021	0.000087	
2.120000E+00	-0.000015	0.000135	
2.130000E+00	0.000086	0.000075	
2.140000E+00	0.000083	0.000119	
2.150000E+00	0.000189	0.000106	
2.160000E+00	0.000083	0.000147	
2.170000E+00	0.000080	0.000078	
2.180000E+00	-0.000024	0.000026	
2.190000E+00	0.000009	0.000013	
2.200000E+00	0.000032	-0.000030	
2.210000E+00	0.000085	-0.000063	
2.220000E+00	0.000163	-0.000098	
2.230000E+00	0.000108	-0.000195	
2.240000E+00	0.000096	-0.000272	
2.250000E+00	0.000148	-0.000210	
2.260000E+00	0.000191	-0.000210	
2.270000E+00	0.000280	-0.000191	
2.280000E+00	0.000265	-0.000206	
2.290000E+00	0.000222	-0.000154	
2.300000E+00	0.000214	-0.000171	
2.310000E+00	0.000250	-0.000097	
2.320000E+00	0.000238	0.000001	
2.330000E+00	0.000257	-0.000049	
2.340000E+00	0.000187	-0.000071	
2.350000E+00	0.000128	-0.000030	
2.360000E+00	0.000093	0.000014	
2.370000E+00	0.000049	0.000041	
2.380000E+00	0.000030	0.000076	
2.390000E+00	0.000007	0.000087	
2.400000E+00	0.000036	0.000151	
2.410000E+00	0.000107	0.000129	
2.420000E+00	0.000089	0.000046	
2.430000E+00	0.000085	0.000057	
2.440000E+00	0.000034	0.000067	
2.450000E+00	0.000084	0.000046	
2.460000E+00	-0.000002	-0.000064	
2.470000E+00	-0.000072	-0.000114	
2.480000E+00	-0.000115	-0.000187	
2.490000E+00	-0.000037	-0.000135	
2.500000E+00	-0.000024	-0.000104	
2.510000E+00	-0.000049	-0.000067	
2.520000E+00	-0.000021	0.000024	
2.530000E+00	0.000044	0.000149	
2.540000E+00	0.000090	0.000050	
2.550000E+00	0.000112	0.000075	
2.560000E+00	0.000082	0.000102	
2.570000E+00	0.000032	0.000176	
2.580000E+00	0.000068	0.000197	
2.590000E+00	0.000096	0.000181	
2.600000E+00	0.000073	0.000247	
2.610000E+00	0.000113	0.000209	
2.620000E+00	0.000042	0.000274	
2.630000E+00	0.000009	0.000236	
2.640000E+00	-0.000031	0.000107	
2.650000E+00	-0.000101	0.000092	
2.660000E+00	-0.000117	0.000121	
2.670000E+00	-0.000047	-0.000042	
2.680000E+00	-0.000030	-0.000019	
2.690000E+00	0.000013	0.000111	
2.700000E+00	0.000030	0.000176	
2.710000E+00	0.000069	0.000155	
2.720000E+00	-0.000097	0.000268	
2.730000E+00	-0.000068	0.000146	
2.740000E+00	-0.000012	0.000150	
2.750000E+00	0.000056	0.000126	
2.760000E+00	0.000007	0.000298	
2.770000E+00	-0.000038	0.000400	
2.780000E+00	-0.000179	0.000395	
2.790000E+00	-0.000140	0.000365	
2.800000E+00	-0.000119	0.000360	
2.810000E+00	-0.000124	0.000369	
2.820000E+00	-0.000179	0.000243	
2.830000E+00	-0.000157	0.000217	
2.840000E+00	-0.000146	0.000296	
2.850000E+00	-0.000181	0.000183	
2.860000E+00	-0.000069	0.000123	
2.870000E+00	-0.000052	0.000158	
2.880000E+00	0.000043	0.000206	
2.890000E+00	0.000040	0.000222	
2.900000E+00	0.000112	0.000199	
2.910000E+00	0.000117	0.000270	
2.920000E+00	0.000061	0.000195	
2.930000E+00	-0.000034	0.000231	
2.940000E+00	-0.000020	0.000236	
2.950000E+00	-0.000057	0.000237	
2.960000E+00	-0.000024	0.000282	
2.970000E+00	-0.000008	0.000332	
2.980000E+00	-0.000004	0.000370	
2.990000E+00	0.000036	0.000325	
