0.000000E+00	1.000000	0.000000	
1.000000E-04	0.973335	-0.000510	
2.000000E-04	0.934216	-0.002924	
3.000000E-04	0.876965	-0.002635	
4.000000E-04	0.817143	-0.004423	
5.000000E-04	0.760374	-0.004511	
6.000000E-04	0.697514	0.000027	
7.000000E-04	0.638154	-0.001783	
8.000000E-04	0.577067	-0.003235	
9.000000E-04	0.523606	-0.008556	
1.000000E-03	0.477218	-0.001140	
1.100000E-03	0.441671	-0.001018	
1.200000E-03	0.411534	0.002362	
1.300000E-03	0.381515	-0.002189	
1.400000E-03	0.352311	-0.001512	
1.500000E-03	0.327420	-0.002443	
1.600000E-03	0.304266	-0.005583	
1.700000E-03	0.276894	-0.006643	
1.800000E-03	0.260907	-0.004839	
1.900000E-03	0.246758	-0.004831	
2.000000E-03	0.226099	-0.004492	
2.100000E-03	0.211290	-0.005979	
2.200000E-03	0.191421	-0.007646	
2.300000E-03	0.178681	-0.005962	
2.400000E-03	0.166877	-0.009720	
2.500000E-03	0.156518	-0.007227	
2.600000E-03	0.145997	-0.009287	
2.700000E-03	0.135588	-0.007437	
2.800000E-03	0.126341	-0.006089	
2.900000E-03	0.117014	-0.006374	
3.000000E-03	0.109830	-0.006015	
3.100000E-03	0.102399	-0.003365	
3.200000E-03	0.095283	-0.004729	
3.300000E-03	0.088493	-0.002512	
3.400000E-03	0.081320	-0.001823	
3.500000E-03	0.075778	-0.001113	
3.600000E-03	0.072084	0.000037	
3.700000E-03	0.067280	-0.000208	
3.800000E-03	0.063785	0.000329	
3.900000E-03	0.059807	0.001084	
4.000000E-03	0.056413	0.001621	
4.100000E-03	0.052573	0.001433	
4.200000E-03	0.049940	0.001435	
4.300000E-03	0.046337	0.001157	
4.400000E-03	0.044854	0.002037	
4.500000E-03	0.043133	0.001197	
4.600000E-03	0.041117	0.001560	
4.700000E-03	0.038873	0.001958	
4.800000E-03	0.037189	0.001552	
4.900000E-03	0.035557	0.001558	
5.000000E-03	0.032903	0.001536	
5.100000E-03	0.031431	0.000910	
5.200000E-03	0.030350	0.000404	
5.300000E-03	0.027349	-0.000027	
5.400000E-03	0.026746	0.000194	
5.500000E-03	0.024876	0.001370	
5.600000E-03	0.024016	0.000262	
5.700000E-03	0.022910	0.000822	
5.800000E-03	0.021558	0.000787	
5.900000E-03	0.021338	0.000436	
6.000000E-03	0.019873	0.000369	
6.100000E-03	0.018824	0.000768	
6.200000E-03	0.017920	-0.000163	
6.300000E-03	0.016718	-0.000296	
6.400000E-03	0.015897	-0.000179	
6.500000E-03	0.014484	-0.000128	
6.600000E-03	0.014093	0.000346	
6.700000E-03	0.013255	-0.000179	
6.800000E-03	0.013004	0.000606	
6.900000E-03	0.012834	0.000163	
7.000000E-03	0.012726	0.001199	
7.100000E-03	0.012032	0.001269	
7.200000E-03	0.011093	0.000641	
7.300000E-03	0.011594	0.001574	
7.399990E-03	0.010805	0.000955	
7.499990E-03	0.010732	0.001541	
7.599990E-03	0.011520	0.001864	
7.699990E-03	0.010433	0.001519	
7.799990E-03	0.010400	0.000636	
7.899990E-03	0.010456	0.000708	
7.999990E-03	0.008638	0.000400	
8.099990E-03	0.008392	0.000597	
8.199990E-03	0.007920	0.001191	
8.299990E-03	0.007632	0.000546	
8.399990E-03	0.007145	0.000989	
8.499990E-03	0.007276	0.000824	
8.599990E-03	0.006540	0.000189	
8.699990E-03	0.006941	-0.000000	
8.799990E-03	0.006422	-0.000137	
8.899990E-03	0.006334	0.000181	
8.999990E-03	0.006259	0.000713	
9.099990E-03	0.006110	0.000449	
9.199990E-03	0.006090	0.000541	
9.299990E-03	0.005858	0.000624	
9.399990E-03	0.005808	0.000347	
9.499990E-03	0.005630	0.000211	
9.599990E-03	0.005410	0.000729	
9.699990E-03	0.005346	0.000411	
9.799990E-03	0.005314	0.000944	
9.899990E-03	0.004882	0.000807	
9.999990E-03	0.004612	0.000737	
1.010000E-02	0.004650	0.001306	
1.020000E-02	0.004260	0.001208	
1.030000E-02	0.004550	0.001430	
1.040000E-02	0.004131	0.001275	
1.050000E-02	0.003745	0.001241	
1.060000E-02	0.003503	0.001017	
1.070000E-02	0.003070	0.001008	
1.080000E-02	0.002770	0.000973	
1.090000E-02	0.003171	0.001092	
1.100000E-02	0.002931	0.001343	
1.110000E-02	0.003284	0.001156	
1.120000E-02	0.002968	0.001132	
1.130000E-02	0.002915	0.000884	
1.140000E-02	0.003085	0.000666	
1.150000E-02	0.002511	0.000585	
1.160000E-02	0.002356	0.000778	
1.170000E-02	0.002605	0.000281	
1.180000E-02	0.002113	0.000017	
1.190000E-02	0.002645	-0.000122	
1.200000E-02	0.002635	-0.000240	
1.210000E-02	0.002389	0.000059	
1.220000E-02	0.002736	0.000102	
1.230000E-02	0.002415	0.000358	
1.240000E-02	0.002207	0.000344	
1.250000E-02	0.002537	0.000436	
1.260000E-02	0.001934	0.000641	
1.270000E-02	0.001922	0.000440	
1.280000E-02	0.002030	0.000629	
1.290000E-02	0.002039	0.000734	
1.300000E-02	0.002312	0.000905	
1.310000E-02	0.002254	0.000608	
1.320000E-02	0.002109	0.000902	
1.330000E-02	0.002122	0.000860	
1.340000E-02	0.002312	0.000497	
1.350000E-02	0.002101	0.000611	
1.360000E-02	0.001995	0.000401	
1.370000E-02	0.002080	0.000363	
1.380000E-02	0.001943	0.000251	
1.390000E-02	0.001848	0.000070	
1.400000E-02	0.001899	0.000097	
1.410000E-02	0.001709	0.000232	
1.420000E-02	0.001947	0.000145	
1.430000E-02	0.002013	0.000227	
1.440000E-02	0.001790	0.000018	
1.450000E-02	0.001805	-0.000051	
1.460000E-02	0.001477	-0.000301	
1.470000E-02	0.001634	-0.000261	
1.480000E-02	0.001754	-0.000472	
1.490000E-02	0.001340	-0.000669	
1.500000E-02	0.001540	-0.000783	
1.510000E-02	0.001201	-0.000654	
1.520000E-02	0.001189	-0.000374	
1.530000E-02	0.001532	-0.000327	
1.540000E-02	0.001445	-0.000439	
1.550000E-02	0.001492	-0.000562	
1.560000E-02	0.001258	-0.000578	
1.570000E-02	0.001699	-0.000600	
1.580000E-02	0.001570	-0.000543	
1.590000E-02	0.001657	-0.000625	
1.600000E-02	0.001561	-0.000732	
1.610000E-02	0.001211	-0.000449	
1.620000E-02	0.001389	-0.000325	
1.630000E-02	0.001229	-0.000437	
1.640000E-02	0.001230	-0.000441	
1.650000E-02	0.001516	-0.000442	
1.660000E-02	0.001514	-0.000125	
1.670000E-02	0.001520	-0.000020	
1.680000E-02	0.001934	0.000413	
1.690000E-02	0.001704	0.000177	
1.700000E-02	0.001625	0.000105	
1.710000E-02	0.001832	0.000261	
1.720000E-02	0.001574	0.000048	
1.730000E-02	0.001889	0.000000	
1.740000E-02	0.002069	0.000055	
1.750000E-02	0.001650	-0.000328	
1.760000E-02	0.001605	0.000125	
1.770000E-02	0.001513	0.000399	
1.780000E-02	0.001024	0.000154	
1.790000E-02	0.001341	0.000477	
1.800000E-02	0.001034	0.000317	
1.810000E-02	0.001075	0.000117	
1.820000E-02	0.001266	0.000409	
1.830000E-02	0.001198	0.000426	
1.840000E-02	0.001249	0.000671	
1.850000E-02	0.001295	0.000428	
1.860000E-02	0.001153	0.000503	
1.870000E-02	0.001229	0.000394	
1.880000E-02	0.001430	0.000339	
1.890000E-02	0.001402	0.000185	
1.900000E-02	0.001621	0.000346	
1.910000E-02	0.001426	0.000071	
1.920000E-02	0.001765	-0.000164	
1.930000E-02	0.001606	-0.000098	
1.940000E-02	0.001437	-0.000287	
1.950000E-02	0.001550	-0.000093	
1.960000E-02	0.001349	-0.000344	
1.970000E-02	0.001252	-0.000220	
1.980000E-02	0.001278	-0.000185	
1.990000E-02	0.001131	-0.000343	
2.000000E-02	0.001147	-0.000534	
2.010000E-02	0.001222	-0.000379	
2.020000E-02	0.001424	-0.000599	
2.030000E-02	0.001271	-0.000292	
2.040000E-02	0.001513	-0.000170	
2.050000E-02	0.001328	-0.000170	
2.060000E-02	0.001166	-0.000023	
2.070000E-02	0.001329	-0.000051	
2.080000E-02	0.001381	-0.000104	
2.090000E-02	0.001414	0.000087	
2.100000E-02	0.001402	-0.000059	
2.110000E-02	0.001357	-0.000064	
2.120000E-02	0.001235	-0.000100	
2.130000E-02	0.001339	-0.000080	
2.140000E-02	0.001449	-0.000173	
2.150000E-02	0.001402	-0.000198	
2.160000E-02	0.001561	-0.000158	
2.170000E-02	0.001269	-0.000441	
2.180000E-02	0.001410	-0.000163	
2.190000E-02	0.001584	-0.000130	
2.200000E-02	0.001230	-0.000471	
2.210000E-02	0.001508	-0.000067	
2.220000E-02	0.001249	-0.000309	
2.230000E-02	0.000967	0.000111	
2.240000E-02	0.001074	0.000091	
2.250000E-02	0.001173	-0.000118	
2.260000E-02	0.001092	-0.000150	
2.270000E-02	0.001016	-0.000290	
2.280000E-02	0.000827	-0.000407	
2.290000E-02	0.000797	-0.000218	
2.300000E-02	0.000843	-0.000220	
2.310000E-02	0.000504	-0.000093	
2.320000E-02	0.000516	-0.000173	
2.330000E-02	0.000186	-0.000588	
2.340000E-02	0.000320	-0.000470	
2.350000E-02	0.000673	-0.000449	
2.360000E-02	0.000456	-0.000347	
2.370000E-02	0.000879	-0.000322	
2.380000E-02	0.001127	-0.000256	
2.390000E-02	0.001212	-0.000219	
2.400000E-02	0.001492	-0.000294	
2.410000E-02	0.001514	-0.000335	
2.420000E-02	0.001711	0.000058	
2.430000E-02	0.002005	-0.000246	
2.440000E-02	0.001939	-0.000211	
2.450000E-02	0.002033	-0.000106	
2.460000E-02	0.001864	-0.000100	
2.470000E-02	0.001780	0.000134	
2.480000E-02	0.001493	0.000196	
2.490000E-02	0.001286	0.000085	
2.500000E-02	0.001096	0.000009	
2.510000E-02	0.000971	-0.000106	
2.520000E-02	0.001312	-0.000015	
2.530000E-02	0.001355	-0.000112	
2.540000E-02	0.001504	0.000026	
2.550000E-02	0.001300	-0.000202	
2.560000E-02	0.001154	-0.000155	
2.570000E-02	0.000916	-0.000178	
2.580000E-02	0.000804	-0.000421	
2.590000E-02	0.000719	-0.000040	
2.600000E-02	0.000351	-0.000251	
2.610000E-02	0.000568	0.000125	
2.620000E-02	0.000564	0.000153	
2.630000E-02	0.000558	0.000277	
2.640000E-02	0.000685	0.000245	
2.650000E-02	0.000718	-0.000166	
2.660000E-02	0.000770	-0.000212	
2.670000E-02	0.001116	-0.000342	
2.680000E-02	0.000987	-0.000390	
2.690000E-02	0.001191	-0.000339	
2.700000E-02	0.001060	-0.000643	
2.710000E-02	0.000893	-0.000540	
2.720000E-02	0.001322	-0.000355	
2.730000E-02	0.000812	-0.000384	
2.740000E-02	0.000821	-0.000167	
2.750000E-02	0.000634	-0.000610	
2.760000E-02	0.000728	-0.000608	
2.770000E-02	0.000979	-0.000787	
2.780000E-02	0.000663	-0.000821	
2.790000E-02	0.000540	-0.000723	
2.800000E-02	0.000719	-0.000763	
2.810000E-02	0.000541	-0.000814	
2.820000E-02	0.000803	-0.000649	
2.830000E-02	0.000919	-0.000876	
2.840000E-02	0.000872	-0.000778	
2.850000E-02	0.000837	-0.000925	
2.860000E-02	0.000661	-0.000755	
2.870000E-02	0.000650	-0.000491	
2.880000E-02	0.000519	-0.000406	
2.890000E-02	0.000755	-0.000437	
2.900000E-02	0.000914	-0.000646	
2.910000E-02	0.000805	-0.000608	
2.920000E-02	0.000907	-0.000281	
2.930000E-02	0.000794	-0.000059	
2.940000E-02	0.000628	-0.000007	
2.950000E-02	0.000774	0.000023	
2.960000E-02	0.000582	0.000126	
2.970000E-02	0.000730	0.000019	
2.980000E-02	0.000321	-0.000080	
2.990000E-02	0.000120	-0.000037	
