0.000000E+00	1.000000	0.000000	
2.000000E-02	0.998417	0.001908	
4.000000E-02	0.991230	0.000595	
6.000000E-02	0.991159	-0.001743	
8.000000E-02	0.989078	0.000576	
1.000000E-01	0.975761	0.000412	
1.200000E-01	0.957189	0.001342	
1.400000E-01	0.955470	0.000149	
1.600000E-01	0.952610	0.000732	
1.800000E-01	0.928109	-0.000879	
2.000000E-01	0.904605	0.001658	
2.200000E-01	0.900441	0.002089	
2.400000E-01	0.893127	0.002423	
2.600000E-01	0.869075	0.001027	
2.800000E-01	0.852434	0.001840	
3.000000E-01	0.845389	0.002160	
3.200000E-01	0.832620	0.001481	
3.400000E-01	0.807532	-0.000637	
3.600000E-01	0.789521	-0.001260	
3.800000E-01	0.782319	-0.000456	
4.000000E-01	0.779082	0.000640	
4.200000E-01	0.765946	-0.001021	
4.400000E-01	0.749764	-0.002382	
4.600000E-01	0.740139	-0.001007	
4.800000E-01	0.732107	0.002275	
5.000000E-01	0.712186	0.003696	
5.200000E-01	0.692767	0.006852	
5.400000E-01	0.683642	0.008892	
5.600000E-01	0.673016	0.007715	
5.800000E-01	0.653987	0.004183	
6.000000E-01	0.640866	0.004859	
6.200000E-01	0.634561	0.005840	
6.400000E-01	0.624425	0.005815	
6.600000E-01	0.611431	0.004034	
6.800000E-01	0.602402	0.004510	
7.000000E-01	0.595351	0.004028	
7.200000E-01	0.588474	0.002837	
7.400000E-01	0.580845	0.001164	
7.600000E-01	0.573255	0.001430	
7.800000E-01	0.564235	0.002610	
8.000000E-01	0.558278	0.002383	
8.200000E-01	0.548880	0.001307	
8.400000E-01	0.537193	0.003197	
8.600000E-01	0.523691	0.005028	
8.800000E-01	0.511979	0.005885	
9.000000E-01	0.498205	0.004682	
9.200000E-01	0.487346	0.004939	
9.400000E-01	0.477991	0.004131	
9.600000E-01	0.470318	0.003266	
9.800000E-01	0.464382	0.003331	
1.000000E+00	0.459207	0.002654	
1.020000E+00	0.452028	0.002151	
1.040000E+00	0.443709	0.000682	
1.060000E+00	0.437637	0.000360	
1.080000E+00	0.430528	-0.001586	
1.100000E+00	0.424135	-0.002202	
1.120000E+00	0.416989	-0.003733	
1.140000E+00	0.411850	-0.003898	
1.160000E+00	0.406222	-0.005493	
1.180000E+00	0.402277	-0.006116	
1.200000E+00	0.395694	-0.007537	
1.220000E+00	0.388360	-0.005996	
1.240000E+00	0.381557	-0.003732	
1.260000E+00	0.376707	-0.002733	
1.280000E+00	0.369946	-0.004445	
1.300000E+00	0.364192	-0.005971	
1.320000E+00	0.359313	-0.007360	
1.340000E+00	0.352845	-0.007523	
1.360000E+00	0.345773	-0.008070	
1.380000E+00	0.341061	-0.007982	
1.400000E+00	0.337887	-0.008184	
1.420000E+00	0.332604	-0.007105	
1.440000E+00	0.327432	-0.007074	
1.460000E+00	0.323640	-0.009070	
1.480000E+00	0.320432	-0.009938	
1.500000E+00	0.315618	-0.008885	
1.520000E+00	0.311010	-0.007793	
1.540000E+00	0.306618	-0.008335	
1.560000E+00	0.302984	-0.006134	
1.580000E+00	0.300289	-0.003386	
1.600000E+00	0.297279	-0.001743	
1.620000E+00	0.293335	-0.003960	
1.640000E+00	0.288751	-0.004620	
1.660000E+00	0.283586	-0.006196	
1.680000E+00	0.278853	-0.006833	
1.700000E+00	0.273385	-0.008390	
1.720000E+00	0.268170	-0.006970	
1.740000E+00	0.264240	-0.005677	
1.760000E+00	0.264228	-0.005588	
1.780000E+00	0.261443	-0.006693	
1.800000E+00	0.256371	-0.006982	
1.820000E+00	0.252563	-0.006526	
1.840000E+00	0.251649	-0.007730	
1.860000E+00	0.246089	-0.007604	
1.880000E+00	0.238250	-0.007491	
1.900000E+00	0.235135	-0.006476	
1.920000E+00	0.234789	-0.006701	
1.940000E+00	0.233410	-0.006228	
1.960000E+00	0.230230	-0.006886	
1.980000E+00	0.229368	-0.007563	
2.000000E+00	0.228146	-0.007329	
2.020000E+00	0.226002	-0.006482	
2.040000E+00	0.222781	-0.004779	
2.060000E+00	0.220393	-0.004030	
2.080000E+00	0.218673	-0.002727	
2.100000E+00	0.215117	-0.003494	
2.120000E+00	0.211057	-0.003565	
2.140000E+00	0.207192	-0.004595	
2.160000E+00	0.204919	-0.004403	
2.180000E+00	0.200908	-0.003871	
2.200000E+00	0.197354	-0.002497	
2.220000E+00	0.194783	-0.001480	
2.240000E+00	0.192840	-0.001679	
2.260000E+00	0.189068	-0.002283	
2.280000E+00	0.186170	-0.003368	
2.300000E+00	0.184272	-0.003082	
2.320000E+00	0.182805	-0.003328	
2.340000E+00	0.179543	-0.003384	
2.360000E+00	0.176717	-0.002706	
2.380000E+00	0.174155	-0.001152	
2.400000E+00	0.171513	-0.000768	
2.420000E+00	0.169355	-0.000938	
2.440000E+00	0.168217	-0.001369	
2.460000E+00	0.166004	-0.001408	
2.480000E+00	0.163888	-0.002132	
2.500000E+00	0.162685	-0.002429	
2.520000E+00	0.161500	-0.002588	
2.540000E+00	0.159580	-0.002330	
2.560000E+00	0.157631	-0.002404	
2.580000E+00	0.155619	-0.002090	
2.600000E+00	0.151851	-0.002300	
2.620000E+00	0.149598	-0.002849	
2.640000E+00	0.148070	-0.003291	
2.660000E+00	0.146628	-0.003266	
2.680000E+00	0.143228	-0.002793	
2.700000E+00	0.142204	-0.001993	
2.720000E+00	0.140080	-0.001008	
2.740000E+00	0.137203	-0.000702	
2.760000E+00	0.134573	-0.001271	
2.780000E+00	0.133788	-0.001680	
2.800000E+00	0.132464	-0.001333	
2.820000E+00	0.131297	-0.000412	
2.840000E+00	0.130527	0.000798	
2.860000E+00	0.129298	0.001451	
2.880000E+00	0.127218	0.001873	
2.900000E+00	0.124967	0.002284	
2.920000E+00	0.122734	0.003348	
2.940000E+00	0.120702	0.003335	
2.960000E+00	0.119445	0.002998	
2.980000E+00	0.117657	0.002349	
3.000000E+00	0.116142	0.002255	
3.020000E+00	0.114903	0.002734	
3.040000E+00	0.114856	0.002984	
3.060000E+00	0.112612	0.002858	
3.080000E+00	0.110149	0.001971	
3.100000E+00	0.108341	0.002089	
3.120000E+00	0.107946	0.001478	
3.140000E+00	0.106644	0.000765	
3.160000E+00	0.105130	0.000589	
3.180000E+00	0.104269	0.001966	
3.200000E+00	0.103399	0.002921	
3.220000E+00	0.102511	0.002712	
3.240000E+00	0.101625	0.002510	
3.260000E+00	0.101389	0.002177	
3.280000E+00	0.100584	0.002312	
3.300000E+00	0.099787	0.002319	
3.320000E+00	0.098360	0.003070	
3.340000E+00	0.097183	0.003119	
3.360000E+00	0.095764	0.003357	
3.380000E+00	0.094070	0.003399	
3.400000E+00	0.091890	0.003188	
3.420000E+00	0.090414	0.003090	
3.440000E+00	0.089931	0.003311	
3.460000E+00	0.089628	0.002391	
3.480000E+00	0.088735	0.001129	
3.500000E+00	0.087684	0.001369	
3.520000E+00	0.087195	0.002255	
3.540000E+00	0.086645	0.002027	
3.560000E+00	0.085751	0.001340	
3.580000E+00	0.084530	0.001891	
3.600000E+00	0.083958	0.002229	
3.620000E+00	0.083486	0.002435	
3.640000E+00	0.082899	0.002931	
3.660000E+00	0.082137	0.003616	
3.680000E+00	0.081094	0.003593	
3.700000E+00	0.079978	0.003070	
3.720000E+00	0.079154	0.002385	
3.740000E+00	0.078399	0.001600	
3.760000E+00	0.077441	0.001468	
3.780000E+00	0.076261	0.001685	
3.800000E+00	0.075751	0.001783	
3.820000E+00	0.075472	0.002364	
3.840000E+00	0.075201	0.002559	
3.860000E+00	0.074946	0.002406	
3.880000E+00	0.074419	0.002386	
3.900000E+00	0.073145	0.002674	
3.920000E+00	0.071657	0.001547	
3.940000E+00	0.070691	0.000588	
3.960000E+00	0.069960	0.000776	
3.980000E+00	0.068893	0.001093	
4.000000E+00	0.068258	0.001151	
4.020000E+00	0.067732	0.002074	
4.040000E+00	0.067037	0.003184	
4.060000E+00	0.066041	0.002556	
4.080000E+00	0.065261	0.001799	
4.100000E+00	0.064727	0.001390	
4.120000E+00	0.063388	0.001438	
4.140000E+00	0.062386	0.001015	
4.160000E+00	0.061339	0.001058	
4.180000E+00	0.061020	0.001149	
4.200000E+00	0.059917	0.001217	
4.220000E+00	0.059166	0.001390	
4.240000E+00	0.058410	0.001430	
4.260000E+00	0.057858	0.002248	
4.280000E+00	0.057051	0.002781	
4.300000E+00	0.056452	0.003206	
4.320000E+00	0.056530	0.002123	
4.340000E+00	0.056219	0.001528	
4.360000E+00	0.055388	0.000855	
4.380000E+00	0.054207	0.000770	
4.400000E+00	0.053849	0.000859	
4.420000E+00	0.053260	0.001073	
4.440000E+00	0.052544	0.001230	
4.460000E+00	0.052134	0.000944	
4.480000E+00	0.052013	0.001148	
4.500000E+00	0.051424	0.000899	
4.520000E+00	0.050284	0.000895	
4.540000E+00	0.049641	0.000869	
4.560000E+00	0.049287	0.001018	
4.580000E+00	0.048675	0.000719	
4.600000E+00	0.047932	0.000744	
4.620000E+00	0.047457	0.000994	
4.640000E+00	0.046943	0.001458	
4.660000E+00	0.046383	0.001867	
4.680000E+00	0.046090	0.001813	
4.700000E+00	0.045394	0.001790	
4.720000E+00	0.045072	0.001896	
4.740000E+00	0.044530	0.001983	
4.760000E+00	0.043747	0.001646	
4.780000E+00	0.042709	0.001137	
4.800000E+00	0.042194	0.000970	
4.820000E+00	0.041791	0.001342	
4.840000E+00	0.041613	0.001310	
4.860000E+00	0.041511	0.001461	
4.880000E+00	0.040999	0.001744	
4.900000E+00	0.040143	0.001753	
4.920000E+00	0.039277	0.001234	
4.940000E+00	0.038819	0.000575	
4.960000E+00	0.038557	0.000031	
4.980000E+00	0.038266	-0.000201	
5.000000E+00	0.037853	0.000043	
5.020000E+00	0.036882	0.000418	
5.040000E+00	0.035963	0.000667	
5.060000E+00	0.035351	0.000786	
5.080000E+00	0.034884	0.000820	
5.100000E+00	0.034481	0.001015	
5.120000E+00	0.034464	0.001213	
5.140000E+00	0.034056	0.001344	
5.160000E+00	0.033529	0.001180	
5.180000E+00	0.033283	0.001025	
5.200000E+00	0.033338	0.001341	
5.220000E+00	0.033092	0.001537	
5.240000E+00	0.032499	0.001325	
5.260000E+00	0.032089	0.001134	
5.280000E+00	0.031982	0.001182	
5.300000E+00	0.031942	0.000954	
5.320000E+00	0.031433	0.000827	
5.340000E+00	0.031087	0.000786	
5.360000E+00	0.030978	0.001168	
5.380000E+00	0.031258	0.001113	
5.400000E+00	0.030707	0.000970	
5.420000E+00	0.030198	0.001336	
5.440000E+00	0.029631	0.001715	
5.460000E+00	0.029509	0.001882	
5.480000E+00	0.029273	0.001573	
5.500000E+00	0.029160	0.001553	
5.520000E+00	0.029100	0.001296	
5.540000E+00	0.029098	0.001043	
5.560000E+00	0.028968	0.000523	
5.580000E+00	0.028150	0.000378	
5.600000E+00	0.027792	0.000229	
5.620000E+00	0.027219	0.000197	
5.640000E+00	0.027033	0.000515	
5.660000E+00	0.026477	0.000383	
5.680000E+00	0.026268	0.000442	
5.700000E+00	0.025984	0.000319	
5.720000E+00	0.025690	0.000265	
5.740000E+00	0.025324	0.000162	
5.760000E+00	0.025015	0.000306	
5.780000E+00	0.024802	0.000366	
5.800000E+00	0.024590	0.000336	
5.820000E+00	0.024386	0.000418	
5.840000E+00	0.023875	0.000402	
5.860000E+00	0.023684	0.000549	
5.880000E+00	0.023458	0.000886	
5.900000E+00	0.023352	0.001099	
5.920000E+00	0.023171	0.000739	
5.940000E+00	0.022956	0.000540	
5.960000E+00	0.022583	0.000630	
5.980000E+00	0.022821	0.000334	
