0.000000E+00	1.000000	0.000000	
5.000000E-04	0.988893	-0.000184	
1.000000E-03	0.963246	0.000610	
1.500000E-03	0.938402	0.000385	
2.000000E-03	0.900598	-0.001108	
2.500000E-03	0.853606	0.007398	
3.000000E-03	0.821731	0.003351	
3.500000E-03	0.787995	0.001871	
4.000000E-03	0.746787	0.002977	
4.500000E-03	0.704243	0.001027	
5.000000E-03	0.669017	0.003602	
5.500000E-03	0.635344	0.005662	
6.000000E-03	0.606564	0.005646	
6.500000E-03	0.586511	0.001623	
7.000000E-03	0.566019	-0.001279	
7.500000E-03	0.545654	-0.003659	
8.000000E-03	0.507907	-0.001871	
8.500000E-03	0.497777	-0.003855	
9.000000E-03	0.470402	-0.002413	
9.500000E-03	0.462821	-0.005240	
1.000000E-02	0.441853	0.000311	
1.050000E-02	0.425265	-0.000836	
1.100000E-02	0.403862	0.000155	
1.150000E-02	0.385716	-0.000641	
1.200000E-02	0.369737	-0.003846	
1.250000E-02	0.355552	-0.000241	
1.300000E-02	0.338063	-0.002591	
1.350000E-02	0.333628	0.000170	
1.400000E-02	0.320490	-0.001808	
1.450000E-02	0.311404	0.002686	
1.500000E-02	0.294967	0.002489	
1.550000E-02	0.281908	0.004384	
1.600000E-02	0.268123	0.000450	
1.650000E-02	0.255412	0.004761	
1.700000E-02	0.250040	0.004036	
1.750000E-02	0.243357	0.002155	
1.800000E-02	0.233825	0.000103	
1.850000E-02	0.226540	0.001058	
1.900000E-02	0.215587	0.003464	
1.950000E-02	0.207209	0.005875	
2.000000E-02	0.200906	0.004337	
2.050000E-02	0.193603	0.003342	
2.100000E-02	0.186228	0.003842	
2.150000E-02	0.173656	0.001735	
2.200000E-02	0.167343	0.001218	
2.250000E-02	0.157138	-0.002569	
2.300000E-02	0.153478	0.001384	
2.350000E-02	0.146026	-0.001061	
2.400000E-02	0.143228	0.001208	
2.450000E-02	0.137626	0.000488	
2.500000E-02	0.135532	0.000735	
2.550000E-02	0.130927	-0.001023	
2.600000E-02	0.125286	-0.001485	
2.650000E-02	0.121212	-0.001366	
2.700000E-02	0.115863	0.002032	
2.750000E-02	0.113414	0.002477	
2.800000E-02	0.107263	0.002693	
2.850000E-02	0.105214	0.003414	
2.900000E-02	0.099205	0.001688	
2.950000E-02	0.094048	0.001920	
3.000000E-02	0.090159	0.003475	
3.050000E-02	0.088880	0.003680	
3.100000E-02	0.087030	0.001620	
3.150000E-02	0.083282	0.001734	
3.200000E-02	0.080273	0.000379	
3.250000E-02	0.075899	-0.000610	
3.300000E-02	0.073183	-0.001734	
3.350000E-02	0.071381	-0.002683	
3.400000E-02	0.069397	-0.001531	
3.450000E-02	0.067340	-0.000397	
3.500000E-02	0.064398	-0.000926	
3.550000E-02	0.063529	-0.001950	
3.600000E-02	0.060894	-0.002260	
3.650000E-02	0.060011	-0.001240	
3.700000E-02	0.056608	-0.002199	
3.750000E-02	0.053317	-0.001479	
3.800000E-02	0.051274	-0.001597	
3.850000E-02	0.050391	-0.000192	
3.900000E-02	0.048862	-0.000360	
3.950000E-02	0.048713	-0.001142	
4.000000E-02	0.046278	-0.002086	
4.050000E-02	0.045932	-0.002691	
4.100000E-02	0.044019	-0.000847	
4.150000E-02	0.041694	-0.001337	
4.200000E-02	0.039147	-0.000022	
4.250000E-02	0.038295	-0.000714	
4.300000E-02	0.037868	0.000854	
4.350000E-02	0.037128	0.000624	
4.400000E-02	0.035682	-0.000012	
4.450000E-02	0.033526	-0.000090	
4.500000E-02	0.033177	0.000223	
4.550000E-02	0.032028	-0.000216	
4.600000E-02	0.031565	-0.000978	
4.650000E-02	0.030430	-0.000696	
4.700000E-02	0.029643	0.000191	
4.750000E-02	0.028624	0.000363	
4.800000E-02	0.027662	0.000648	
4.850000E-02	0.026711	0.000608	
4.900000E-02	0.026242	0.000565	
4.950000E-02	0.025197	0.000513	
5.000000E-02	0.025389	0.000723	
5.050000E-02	0.025271	0.001284	
5.100000E-02	0.024403	0.002319	
5.150000E-02	0.023932	0.002940	
5.200000E-02	0.023169	0.002578	
5.250000E-02	0.023218	0.001683	
5.300000E-02	0.022458	0.001833	
5.350000E-02	0.021349	0.001408	
5.400000E-02	0.020956	0.001317	
5.450000E-02	0.020419	0.001110	
5.500000E-02	0.020393	0.001069	
5.550000E-02	0.019038	0.001275	
5.600000E-02	0.018613	0.001401	
5.650000E-02	0.018423	0.001076	
5.700000E-02	0.018597	0.000882	
5.750000E-02	0.018857	0.000809	
5.800000E-02	0.018461	0.000390	
5.850000E-02	0.017900	-0.000121	
5.900000E-02	0.017317	-0.000090	
5.950000E-02	0.016860	0.000710	
6.000000E-02	0.017204	0.000981	
6.050000E-02	0.016102	0.000731	
6.100000E-02	0.015447	0.000532	
6.150000E-02	0.014493	0.000310	
6.200000E-02	0.014121	-0.000330	
6.250000E-02	0.012816	-0.000382	
6.300000E-02	0.012370	-0.000403	
6.350000E-02	0.012026	-0.000163	
6.400000E-02	0.012039	-0.001090	
6.450000E-02	0.011812	-0.000926	
6.500000E-02	0.010975	-0.000961	
6.550000E-02	0.010939	-0.000620	
6.600000E-02	0.010249	-0.000751	
6.650000E-02	0.009382	-0.001569	
6.700000E-02	0.009477	-0.001144	
6.750000E-02	0.010085	-0.000584	
6.800000E-02	0.009773	-0.000045	
6.850000E-02	0.009371	-0.000684	
6.900010E-02	0.009035	-0.000486	
6.950010E-02	0.008762	-0.000543	
7.000010E-02	0.008583	0.000222	
7.050010E-02	0.008180	0.000340	
7.100010E-02	0.008194	0.000435	
7.150010E-02	0.008239	-0.000026	
7.200010E-02	0.008103	0.000013	
7.250010E-02	0.008135	0.000399	
7.300010E-02	0.007989	0.000678	
7.350010E-02	0.007719	0.000530	
7.400010E-02	0.007649	0.000894	
7.450010E-02	0.007964	0.000641	
7.500010E-02	0.007938	0.000227	
7.550010E-02	0.008007	0.000347	
7.600010E-02	0.008126	0.000685	
7.650010E-02	0.007970	0.000469	
7.700010E-02	0.007229	0.000480	
7.750010E-02	0.006823	0.000493	
7.800010E-02	0.006484	-0.000019	
7.850010E-02	0.006176	0.000195	
7.900010E-02	0.005996	0.000286	
7.950010E-02	0.005820	0.000983	
8.000010E-02	0.005522	0.000589	
8.050010E-02	0.005357	0.000580	
8.100010E-02	0.005472	0.000572	
8.150010E-02	0.005313	0.000836	
8.200010E-02	0.005256	0.000792	
8.250010E-02	0.004770	0.000954	
8.300010E-02	0.004931	0.000601	
8.350010E-02	0.004900	0.000539	
8.400010E-02	0.005162	0.000050	
8.450010E-02	0.004767	0.000587	
8.500010E-02	0.005072	0.000294	
8.550010E-02	0.004671	0.000333	
8.600010E-02	0.004699	0.000042	
8.650010E-02	0.004412	-0.000306	
8.700010E-02	0.004489	-0.000202	
8.750010E-02	0.004346	-0.000306	
8.800010E-02	0.004266	0.000006	
8.850010E-02	0.004125	-0.000060	
8.900010E-02	0.003950	0.000139	
8.950010E-02	0.003797	-0.000210	
9.000010E-02	0.003778	-0.000124	
9.050010E-02	0.003697	-0.000408	
9.100010E-02	0.003749	-0.000188	
9.150010E-02	0.003538	-0.000120	
9.200010E-02	0.003662	0.000170	
9.250010E-02	0.003333	0.000027	
9.300010E-02	0.003225	0.000083	
9.350010E-02	0.003278	-0.000196	
9.400010E-02	0.003231	-0.000081	
9.450010E-02	0.003291	-0.000258	
9.500010E-02	0.003367	-0.000187	
9.550010E-02	0.003189	-0.000377	
9.600010E-02	0.003294	-0.000306	
9.650010E-02	0.003183	-0.000172	
9.700010E-02	0.003244	-0.000263	
9.750010E-02	0.002925	-0.000498	
9.800010E-02	0.002901	-0.000715	
9.850010E-02	0.002625	-0.000437	
9.900010E-02	0.002733	-0.000513	
9.950010E-02	0.002476	-0.000331	
1.000000E-01	0.002287	-0.000466	
1.005000E-01	0.002291	-0.000469	
1.010000E-01	0.002107	-0.000753	
1.015000E-01	0.002073	-0.000626	
1.020000E-01	0.002044	-0.000448	
1.025000E-01	0.001942	-0.000328	
1.030000E-01	0.001996	-0.000395	
1.035000E-01	0.002143	-0.000394	
1.040000E-01	0.002021	-0.000328	
1.045000E-01	0.001948	-0.000205	
1.050000E-01	0.001798	-0.000454	
1.055000E-01	0.001758	-0.000351	
1.060000E-01	0.001658	-0.000291	
1.065000E-01	0.001655	-0.000089	
1.070000E-01	0.001421	0.000028	
1.075000E-01	0.001549	-0.000078	
1.080000E-01	0.001443	-0.000186	
1.085000E-01	0.001524	-0.000021	
1.090000E-01	0.001653	-0.000112	
1.095000E-01	0.001696	-0.000143	
1.100000E-01	0.001607	-0.000170	
1.105000E-01	0.001617	-0.000092	
1.110000E-01	0.001498	-0.000244	
1.115000E-01	0.001502	-0.000277	
1.120000E-01	0.001238	-0.000190	
1.125000E-01	0.001310	0.000237	
1.130000E-01	0.001260	0.000153	
1.135000E-01	0.001332	0.000318	
1.140000E-01	0.001379	0.000197	
1.145000E-01	0.001192	0.000476	
1.150000E-01	0.001157	0.000583	
1.155000E-01	0.001162	0.000940	
1.160000E-01	0.001115	0.000838	
1.165000E-01	0.000866	0.000480	
1.170000E-01	0.000774	0.000270	
1.175000E-01	0.000982	0.000358	
1.180000E-01	0.001114	0.000276	
1.185000E-01	0.000933	0.000285	
1.190000E-01	0.001037	0.000235	
1.195000E-01	0.001028	0.000094	
1.200000E-01	0.001108	0.000093	
1.205000E-01	0.001032	0.000117	
1.210000E-01	0.001172	0.000173	
1.215000E-01	0.001156	0.000090	
1.220000E-01	0.000992	0.000159	
1.225000E-01	0.000994	0.000119	
1.230000E-01	0.001067	0.000074	
1.235000E-01	0.001024	-0.000094	
1.240000E-01	0.000935	-0.000123	
1.245000E-01	0.000804	-0.000362	
1.250000E-01	0.000596	-0.000181	
1.255000E-01	0.000485	-0.000106	
1.260000E-01	0.000537	0.000139	
1.265000E-01	0.000785	0.000063	
1.270000E-01	0.000680	-0.000016	
1.275000E-01	0.000704	0.000017	
1.280000E-01	0.000556	0.000105	
1.285000E-01	0.000457	-0.000088	
1.290000E-01	0.000444	0.000057	
1.295000E-01	0.000480	0.000125	
1.300000E-01	0.000515	0.000137	
1.305000E-01	0.000426	0.000049	
1.310000E-01	0.000347	-0.000040	
1.315000E-01	0.000427	0.000076	
1.320000E-01	0.000506	0.000044	
1.325000E-01	0.000573	0.000173	
1.330000E-01	0.000543	-0.000049	
1.335000E-01	0.000443	0.000034	
1.340000E-01	0.000415	0.000056	
1.345000E-01	0.000436	0.000104	
1.350000E-01	0.000448	-0.000070	
1.355000E-01	0.000373	-0.000110	
1.360000E-01	0.000347	-0.000215	
1.365000E-01	0.000390	-0.000152	
1.370000E-01	0.000356	-0.000182	
1.375000E-01	0.000304	-0.000111	
1.380000E-01	0.000412	0.000017	
1.385000E-01	0.000410	-0.000057	
1.390000E-01	0.000382	-0.000173	
1.395000E-01	0.000412	-0.000251	
1.400000E-01	0.000461	-0.000254	
1.405000E-01	0.000455	-0.000258	
1.410000E-01	0.000449	-0.000178	
1.415000E-01	0.000471	-0.000036	
1.420000E-01	0.000365	-0.000042	
1.425000E-01	0.000332	0.000046	
1.430000E-01	0.000225	0.000019	
1.435000E-01	0.000369	0.000028	
1.440000E-01	0.000254	-0.000148	
1.445000E-01	0.000271	-0.000129	
1.450000E-01	0.000216	-0.000150	
1.455000E-01	0.000289	-0.000045	
1.460000E-01	0.000271	0.000056	
1.465000E-01	0.000305	0.000119	
1.470000E-01	0.000227	0.000034	
1.475000E-01	0.000261	-0.000051	
1.480000E-01	0.000275	-0.000082	
1.485000E-01	0.000340	-0.000187	
1.490000E-01	0.000269	-0.000209	
1.495000E-01	0.000248	-0.000192	
