5.008618609911211550e+00 1.561999940000130094e+00
7.634104171558218077e+00 1.809748990000168645e+00
-0.000000000000000000e+00 2.454862009999994932e+00
2.463917219391805524e+00 1.821257710000106611e+00
5.089402781038812051e+00 1.561439999999999939e+00
3.958424385252409472e+00 1.614480559999999398e+00
4.725874010964611571e+00 1.568037750000082609e+00
6.139597005697614129e+00 1.599396620000159031e+00
5.049010695475011801e+00 1.561666590000011068e+00
5.372147379985412918e+00 1.563109830000082523e+00
