-4.039208556380009807e-02 4.191999983049754519e-05
-0.000000000000000000e+00 0.000000000000000000e+00
-3.231366845104007846e-01 3.157139999984792667e-03
3.231366845104007846e-01 3.705289999970773351e-03
1.090586310222602551e+00 3.631883999992169265e-02
4.039208556380009807e-02 8.978999994724290445e-05
-2.585093476083206276e+00 2.405698299999130541e-01
5.049010695475011801e+00 5.462629199998900731e-01
-1.090586310222602551e+00 3.656619000003047404e-02
-5.049010695475011801e+00 1.135166479999952571e+00
2.585093476083206276e+00 1.754555899999559188e-01
