# mode    phonon energy (meV)    IPR
000         -0.000000          139.430053
001         0.000000          139.430053
002         0.000000          139.430053
003         4.218230          73.033551
004         4.218230          73.033551
005         5.158278          75.142471
006         5.158278          75.142471
007         6.734308          61.050696
008         6.820193          75.856969
009         6.820193          75.856969
010         7.060084          63.854637
011         7.060084          63.854637
012         7.449476          79.899910
013         9.277051          54.621416
014         9.277051          54.621416
015         9.346745          49.908947
016         9.396424          57.713655
017         9.396424          57.713655
018         9.559968          2.542382
019         9.569156          64.801116
020         9.569156          64.801116
021         9.684105          55.133475
022         9.934968          48.779224
023         9.934968          48.779224
024         9.990298          71.484320
025         10.206529          63.415236
026         10.206529          63.415236
027         10.398241          79.929722
028         10.398241          79.929722
029         10.431622          62.685699
030         10.557146          56.477870
031         10.719972          61.234296
032         10.719972          61.234296
033         11.499339          75.960949
034         11.499339          75.960949
035         12.086754          51.374991
036         12.097719          21.854604
037         12.097719          21.854604
038         12.155612          57.854244
039         12.155612          57.854244
040         12.244109          55.167102
041         12.491350          33.247447
042         12.491350          33.247447
043         12.711995          60.988709
044         12.711995          60.988709
045         12.793353          47.508347
046         12.793353          47.508347
047         12.896749          17.426146
048         13.124314          52.834613
049         13.124314          52.834613
050         13.238981          59.854177
051         13.311004          57.722475
052         13.311004          57.722475
053         13.317295          52.888508
054         13.355345          50.842489
055         13.355345          50.842489
056         13.513946          38.112030
057         13.551158          52.956108
058         13.642090          62.892586
059         13.642090          62.892586
060         13.905262          48.190132
061         14.222043          39.812275
062         14.222043          39.812275
063         14.283244          46.884507
064         14.288655          39.835369
065         14.322161          56.336569
066         14.322161          56.336569
067         14.412911          68.069416
068         14.412911          68.069416
069         14.445565          63.983177
070         14.575859          47.298122
071         14.698947          52.691227
072         14.754293          65.083106
073         14.754293          65.083106
074         14.788918          55.463137
075         14.839151          60.297249
076         14.839151          60.297249
077         14.935749          73.990293
078         14.935749          73.990293
079         15.114463          33.850704
080         15.208290          39.389846
081         15.260776          49.572701
082         15.260776          49.572701
083         15.305149          30.288174
084         15.340144          57.666045
085         15.396811          54.068529
086         15.396811          54.068529
087         15.439545          56.051665
088         15.439545          56.051665
089         15.519611          41.707789
090         15.713515          64.046934
091         15.713515          64.046934
092         15.838440          48.905943
093         15.892213          68.608960
094         15.892213          68.608960
095         16.171840          61.963223
096         16.171840          61.963223
097         16.195099          51.026070
098         16.233961          47.250625
099         16.233961          47.250625
100         16.283794          41.503064
101         16.422829          54.318453
102         16.447782          65.641323
103         16.447782          65.641323
104         16.590234          54.064018
105         16.590234          54.064018
106         16.721733          46.612531
107         16.831595          51.420427
108         16.831595          51.420427
109         16.886800          49.781119
110         16.949166          58.668422
111         16.949166          58.668422
112         16.992826          33.016390
113         17.030407          64.697030
114         17.077898          57.979992
115         17.077898          57.979992
116         17.249378          25.508483
117         17.266234          72.926087
118         17.266234          72.926087
119         17.305347          67.091567
120         17.305347          67.091567
121         17.346494          67.374328
122         17.610070          75.935642
123         17.742563          53.612207
124         17.742563          53.612207
125         18.391643          60.872075
126         18.391643          60.872075
127         18.402054          59.797587
128         18.502445          66.300725
129         18.545962          35.757394
130         18.598216          49.753799
131         18.615343          50.697008
132         18.615343          50.697008
133         18.746194          62.080799
134         18.746194          62.080799
135         18.948486          62.222329
136         18.948486          62.222329
137         19.004157          23.825996
138         19.006955          66.749146
139         19.006955          66.749146
140         19.032369          60.189733
141         19.032369          60.189733
142         19.057341          38.393254
143         19.145138          45.615480
144         19.145621          47.465822
145         19.145621          47.465822
146         19.263795          55.739257
147         19.263795          55.739257
148         19.298535          64.943260
149         19.348727          62.459018
150         19.384317          51.828173
151         19.384317          51.828173
152         19.401032          55.004411
153         19.463830          58.645949
154         19.593934          60.678973
155         19.593934          60.678973
156         19.745712          53.347808
157         19.766760          55.409603
158         19.766760          55.409603
159         19.782290          63.651527
160         19.800593          49.501418
161         19.800593          49.501418
162         19.895770          64.778291
163         19.895770          64.778291
164         19.923109          49.101990
165         19.945737          50.564780
166         19.945737          50.564780
167         19.948646          49.525102
168         20.082021          62.547501
169         20.137402          44.254657
170         20.137402          44.254657
171         20.140783          75.127763
172         20.188005          56.221616
173         20.188005          56.221616
174         20.304881          34.737808
175         20.365715          35.472689
176         20.365715          35.472689
177         20.541631          47.069227
178         20.541631          47.069227
179         20.594511          31.424811
180         20.702660          63.635719
181         20.774142          55.106367
182         20.774142          55.106367
183         20.882245          50.103707
184         20.889074          47.943840
185         20.889074          47.943840
186         21.041655          68.710810
187         21.223869          33.584496
188         21.397790          58.711637
189         21.397790          58.711637
190         21.475326          58.142506
191         21.475326          58.142506
192         21.946702          64.045441
193         22.917490          59.567013
194         22.917490          59.567013
195         22.992465          51.118041
196         23.082441          60.398934
197         23.213819          57.465368
198         23.213819          57.465368
199         23.702216          71.634210
200         23.702216          71.634210
201         23.890212          58.202140
202         24.192659          62.833200
203         24.221596          55.252619
204         24.221596          55.252619
205         24.586076          72.288171
206         24.586076          72.288171
207         24.760861          82.919629
208         24.760861          82.919629
209         24.867326          57.722376
210         24.881662          86.926171
211         24.881662          86.926171
212         24.960257          63.557051
213         25.343081          60.336125
214         25.825763          45.393057
215         25.825763          45.393057
216         26.353744          74.412401
217         26.452666          75.011160
218         26.452666          75.011160
219         26.503774          58.291916
220         27.499728          51.422069
221         27.499728          51.422069
222         28.052825          69.067069
223         28.551141          63.199494
224         28.551141          63.199494
225         28.834326          59.699465
226         28.912775          43.596850
227         28.912775          43.596850
228         28.978203          25.743042
229         29.076893          50.872959
230         29.076893          50.872959
231         29.264694          43.640550
232         29.264694          43.640550
233         29.347938          34.165389
234         29.515389          47.757568
235         29.515389          47.757568
236         29.578581          62.629668
237         29.700141          57.845276
238         29.712901          52.435003
239         29.730202          56.902845
240         29.730202          56.902845
241         29.832642          34.810262
242         29.834336          46.652781
243         29.834336          46.652781
244         29.880213          56.722635
245         29.880213          56.722635
246         29.950507          46.840558
247         30.076494          45.923367
248         30.076494          45.923367
249         30.136188          45.239147
250         30.143974          38.346601
251         30.194912          45.513360
252         30.194912          45.513360
253         30.453027          34.395084
254         30.789333          55.410595
255         30.793616          55.793851
256         30.793616          55.793851
257         30.878580          49.000751
258         30.878580          49.000751
259         30.929253          53.049793
260         31.266205          54.574009
261         31.266205          54.574010
262         31.267386          51.688218
263         31.322507          41.420172
264         31.322507          41.420172
265         31.349477          39.398580
266         31.380019          50.373997
267         31.380019          50.373997
268         31.474356          59.275248
269         31.474356          59.275248
270         31.483134          63.610955
271         31.562908          38.044229
272         31.725083          48.186608
273         31.727504          38.081279
274         31.727504          38.081280
275         31.800407          42.055340
276         31.800407          42.055340
277         31.855349          48.373895
278         31.856918          35.932258
279         31.856918          35.932258
280         32.146546          20.736903
281         32.809414          41.970390
282         32.811207          55.476319
283         32.811207          55.476320
284         33.011917          51.497149
285         33.011917          51.497149
286         33.070684          55.210378
287         33.864676          77.653737
288         40.822298          3.673842
289         44.795607          5.225737
290         44.795607          5.225737
291         45.769473          6.253212
292         46.015066          10.190046
293         46.015066          10.190046
294         46.472755          114.992611
295         47.468204          73.213760
296         47.468204          73.213760
297         47.660689          78.319638
298         47.660689          78.319638
299         47.841158          51.088514
300         48.101332          52.099464
301         48.101332          52.099464
302         48.755546          48.076512
303         48.816465          78.722654
304         48.816465          78.722654
305         49.207999          20.825549
306         49.255530          27.866802
307         49.339612          53.826784
308         49.339612          53.826784
309         49.672155          22.912724
310         49.810054          65.771746
311         49.810054          65.771746
312         49.894327          42.903017
313         49.894327          42.903017
314         50.363767          46.839768
315         50.363767          46.839768
316         50.515656          29.025701
317         50.561711          70.262301
318         50.561711          70.262301
319         50.649394          40.291875
320         50.742050          54.763125
321         50.742050          54.763125
322         50.808755          64.831541
323         50.926979          41.779846
324         50.926979          41.779846
325         50.950977          65.526337
326         50.992181          60.390301
327         50.992181          60.390301
328         51.068583          40.715254
329         51.104623          55.398624
330         51.132051          60.727777
331         51.132051          60.727777
332         51.166414          61.036608
333         51.166414          61.036608
334         51.238552          48.175255
335         51.267634          43.816148
336         51.267634          43.816148
337         51.352826          82.433589
338         51.352826          82.433589
339         51.465456          55.416948
340         51.465456          55.416947
341         51.487753          46.757169
342         51.539701          48.520325
343         51.539701          48.520325
344         51.651418          56.783957
345         51.651418          56.783957
346         51.685346          19.084940
347         51.706534          54.773511
348         51.717866          66.022310
349         51.717866          66.022310
350         51.873962          34.890232
351         52.009475          71.455800
352         52.009475          71.455800
353         52.049693          53.400401
354         52.049693          53.400401
355         52.204170          66.931200
356         52.204170          66.931200
357         52.220601          58.501681
358         52.227425          41.173274
359         52.525694          21.217211
360         52.538412          63.214682
361         52.538412          63.214682
362         52.621946          52.889300
363         52.621946          52.889300
364         52.695147          67.395134
365         52.695147          67.395134
366         52.853576          53.580491
367         53.010000          55.493633
368         53.010000          55.493633
369         53.253564          64.796653
370         53.257467          26.114081
371         53.364234          57.800888
372         53.364234          57.800888
373         53.368303          70.753745
374         53.482959          63.012814
375         53.498558          59.877426
376         53.498558          59.877426
377         53.704772          39.240646
378         53.827110          55.291237
379         53.869968          58.614145
380         53.869968          58.614145
381         53.911437          63.692870
382         53.911437          63.692870
383         54.099701          65.670877
384         54.099701          65.670877
385         54.226264          62.423316
386         54.299998          26.565636
387         54.402384          64.242726
388         54.402384          64.242726
389         54.494113          44.432579
390         54.610529          62.884804
391         54.610529          62.884804
392         54.672461          67.739960
393         54.672461          67.739960
394         54.755440          60.277045
395         54.852020          66.387522
396         54.852020          66.387522
397         54.957801          62.483916
398         55.009145          58.541047
399         55.009145          58.541047
400         55.085629          39.823412
401         55.142027          60.730008
402         55.142027          60.730008
403         55.160435          55.891642
404         55.356877          59.474071
405         55.356877          59.474071
406         55.442392          52.694067
407         55.478784          59.341867
408         55.518751          69.899265
409         55.518751          69.899265
410         55.872912          65.101151
411         55.904104          65.401184
412         55.904104          65.401184
413         56.024285          67.445521
414         56.024285          67.445521
415         56.111899          47.380168
416         56.153806          58.683368
417         56.153806          58.683368
418         56.159691          62.023135
419         56.159691          62.023135
420         56.353805          48.429497
421         56.384369          64.740361
422         56.384369          64.740361
423         56.397659          58.270954
424         56.509021          61.004870
425         56.509021          61.004870
426         56.621109          39.916543
427         56.621109          39.916543
428         56.625509          73.195908
429         56.804328          55.222338
430         56.804328          55.222338
431         56.925773          54.868997
432         57.017743          64.671736
433         57.017743          64.671736
434         57.060597          50.341170
435         57.174155          55.403643
436         57.190542          53.378779
437         57.406330          58.607803
438         57.406330          58.607803
439         57.512291          47.045080
440         57.512291          47.045080
441         57.524725          75.261438
442         57.637904          31.930203
443         57.759018          70.787155
444         57.759018          70.787155
445         58.256896          57.103229
446         58.330630          49.881297
447         58.330630          49.881297
448         58.366843          61.316318
449         58.555464          50.280605
450         58.555464          50.280605
451         58.697101          46.330147
452         58.856739          58.478326
453         58.856739          58.478326
454         59.029949          53.000001
455         59.065753          45.647159
456         59.065753          45.647159
457         59.142571          32.007416
458         59.210450          45.412374
459         59.210450          45.412374
460         59.352424          51.464890
461         59.352424          51.464890
462         59.367204          53.334406
463         59.408205          42.928931
464         59.479392          42.676999
465         59.603510          46.471810
466         59.603510          46.471810
467         59.820419          74.956094
468         59.826020          37.469434
469         59.826020          37.469434
470         59.909887          50.844091
471         59.909887          50.844091
472         60.018871          30.979799
473         60.049912          36.940735
474         60.049912          36.940735
475         60.164256          25.085200
476         60.888545          42.874784
477         60.888545          42.874784
478         61.175519          30.440348
479         61.175519          30.440348
480         61.595545          60.621446
481         62.258242          44.369060
482         62.280625          58.039064
483         62.280625          58.039064
484         62.290966          40.066592
485         62.620388          48.826789
486         63.001791          63.961437
487         63.001791          63.961437
488         63.166315          44.871764
489         63.166315          44.871764
490         63.310232          43.024283
491         63.310232          43.024283
492         63.378249          40.019526
493         64.069742          49.366122
494         64.069742          49.366122
495         64.275703          40.278675
496         64.307823          50.787711
497         64.350104          52.678492
498         64.350104          52.678492
499         64.470593          65.995084
500         64.561948          35.904386
501         64.561948          35.904386
502         64.770094          59.217200
503         64.770094          59.217200
504         64.834124          37.403471
505         64.909602          52.845660
506         64.909602          52.845660
507         65.012668          43.009198
508         65.178994          58.912398
509         65.241235          62.818174
510         65.241235          62.818174
511         65.377443          48.700034
512         65.416040          68.862042
513         65.434933          45.324605
514         65.434933          45.324605
515         65.539710          62.851618
516         65.539710          62.851618
517         65.594160          57.756858
518         65.670264          50.855215
519         65.670264          50.855215
520         65.704369          55.914106
521         65.704369          55.914106
522         65.718168          47.506660
523         65.755737          53.380024
524         65.755737          53.380024
525         65.768816          57.274388
526         65.778154          57.073535
527         65.778154          57.073535
528         65.802563          48.529187
529         65.883142          35.011109
530         66.055197          41.126387
531         66.055197          41.126390
532         66.056037          47.890516
533         66.106539          39.295935
534         66.106539          39.295935
535         66.170323          50.594340
536         66.170323          50.594340
537         66.210536          68.955407
538         66.227827          34.514660
539         66.314772          39.273440
540         66.343234          53.272885
541         66.343234          53.272885
542         66.503743          54.657291
543         66.643620          38.876792
544         66.753064          25.086868
545         66.753064          25.086868
546         66.766956          65.850776
547         66.944788          29.723716
548         67.004422          67.270606
549         67.092868          57.015939
550         67.092868          57.015939
551         67.328216          18.007733
552         67.390329          29.274547
553         67.390329          29.274547
554         67.678216          57.107845
555         67.678216          57.107845
556         67.767131          55.587265
557         67.899904          60.536842
558         67.935707          62.655902
559         67.935707          62.655902
560         68.239483          62.033453
561         68.283883          61.013927
562         68.283883          61.013927
563         68.620168          57.087964
564         68.797198          59.902319
565         68.797198          59.902319
566         69.288979          44.516646
567         69.465149          50.764462
568         69.465149          50.764462
569         69.753805          32.374649
570         71.986946          10.908929
571         71.986946          10.908929
572         73.975546          4.515705
