-3.878721633285928294e-07 -3.876994128881333928e-11
3.363195340254253751e-07 7.539618986881824460e-11
3.784617627415067252e-07 5.735143997616420107e-15
4.218230069349152345e+00 4.589094844755936152e-04
4.218230069349152345e+00 1.007077412344045946e-03
5.158278024301434783e+00 2.068193922922043331e-03
5.158278024301434783e+00 7.314162699702676362e-04
6.734307555190976124e+00 2.514100762566754115e-03
6.820193429588783829e+00 6.988464115672893794e-03
6.820193429588783829e+00 3.464230879740324270e-06
7.060084298712510531e+00 8.453981251735912450e-05
7.060084298712510531e+00 1.147952316655320498e-03
7.449476445082402698e+00 1.073535571741048196e-03
9.277051343910759584e+00 7.274221409549404575e-04
9.277051343910759584e+00 2.049186712258779450e-02
9.346745147893036787e+00 2.797580769085621609e-05
9.396423504847239982e+00 1.311380572812810270e-04
9.396423504847239982e+00 6.986929799828747734e-03
9.559968405683976655e+00 4.480352527219221004e-02
9.569156258070984578e+00 8.331032520693346189e-06
9.569156258070984578e+00 8.268004544006895529e-06
9.684104646153880225e+00 1.144219856949600655e-02
9.934967891795741579e+00 3.127917716614631808e-03
9.934967892204889850e+00 1.741508409455039263e-02
9.990297528167134899e+00 5.232007265117378896e-03
1.020652873499383517e+01 2.024178322783692311e-03
1.020652873499383517e+01 9.153128916192890610e-03
1.039824084073061883e+01 2.541741730925678195e-03
1.039824084073061883e+01 8.081145659551213639e-03
1.043162210883533092e+01 4.788513108798805271e-05
1.055714615345074137e+01 7.470098809184020531e-06
1.071997171549279138e+01 7.755878547632052457e-03
1.071997171549279138e+01 2.425677948362800485e-02
1.149933850384595324e+01 8.617051268074608439e-04
1.149933850425510329e+01 5.753142249521702063e-03
1.208675418806373258e+01 8.693684927453310465e-03
1.209771869789612708e+01 2.284953351008090286e-02
1.209771869789612708e+01 1.300327153366474516e-04
1.215561151299396592e+01 1.405616468773357962e-02
1.215561151299396592e+01 3.855746041269014096e-04
1.224410893925957211e+01 8.664643188104122640e-04
1.249134964914969537e+01 1.029126851911330975e-03
1.249134964914969537e+01 1.543817714679450882e-03
1.271199457074834172e+01 7.213470349206974139e-04
1.271199457074834172e+01 6.650032942767473412e-04
1.279335343528835267e+01 1.028170551248466270e-02
1.279335343528835267e+01 2.798817816745689802e-02
1.289674875926409037e+01 4.558018021389035127e-03
1.312431423470196634e+01 8.635472930495312685e-03
1.312431423470196634e+01 2.246703888297580873e-02
1.323898090730481769e+01 2.258942387883684268e-03
1.331100370196623928e+01 4.053677516948858695e-02
1.331100370196623928e+01 7.231614346392399063e-03
1.331729520203060524e+01 8.596227997725157551e-05
1.335534453412410905e+01 4.028714168476103157e-04
1.335534453453325732e+01 3.116356962322929056e-03
1.351394604433571445e+01 7.283445922489938107e-03
1.355115830370363739e+01 2.646274560125283157e-02
1.364209029184109312e+01 4.644660555531417850e-03
1.364209029184109312e+01 7.591860239372868503e-04
1.390526178705552418e+01 2.308171871947296491e-02
1.422204285002617574e+01 1.727926709289153914e-02
1.422204285002617574e+01 5.184981831005009562e-02
1.428324424659074410e+01 8.818399575014446796e-05
1.428865512586879838e+01 8.406235832624418813e-03
1.432216097990347414e+01 4.822160661242752555e-02
1.432216097990347414e+01 4.528345069806485879e-02
1.441291079455085011e+01 4.262225034837170928e-04
1.441291079455085011e+01 3.112967983674327574e-02
1.444556537556546338e+01 9.487217640945497243e-03
1.457585908785565465e+01 8.947968128388574232e-04
1.469894692459740781e+01 2.317945595005798558e-06
1.475429327956831393e+01 3.708154297065521018e-03
1.475429327956831393e+01 2.716467457094367058e-02
1.478891804946274213e+01 1.475102235052191783e-02
1.483915138520071686e+01 3.865315680157865494e-04
1.483915138560986335e+01 8.606591126505054340e-05
1.493574887268894713e+01 1.065630138224354624e-03
1.493574887268894713e+01 5.712670574880856665e-04
1.511446343378521995e+01 1.882847773886060783e-02
1.520829019002483662e+01 3.416293207224549195e-04
1.526077582044972303e+01 8.240884308572737210e-03
1.526077582085886952e+01 2.552187099381638541e-02
1.530514864551470566e+01 5.600081065069413555e-02
1.534014417537271591e+01 5.756978942913701380e-03
1.539681059719825740e+01 2.767706108610485868e-02
1.539681059719825740e+01 4.396809279315845587e-02
1.543954483012379164e+01 5.821424738128514603e-02
1.543954483012379164e+01 1.722944283655155825e-02
1.551961137867135143e+01 1.326985777290669473e-02
1.571351511883456809e+01 4.684693385809259036e-02
1.571351511883456809e+01 1.775328811630614342e-03
1.583844031583355516e+01 2.175690539978886021e-05
1.589221320763833667e+01 4.929489896374874072e-03
1.589221320763833667e+01 1.992389976653570483e-02
1.617183993225667749e+01 8.102063825199191591e-03
1.617183993225667749e+01 3.567131928508246496e-04
1.619509945286460351e+01 3.487569324010857119e-02
1.623396100604318093e+01 5.838863507275822429e-02
1.623396100604318093e+01 2.753397413392943971e-02
1.628379410516974701e+01 9.422528850369558083e-04
1.642282891598885541e+01 9.434195384026631062e-03
1.644778167084094989e+01 8.606016415127782163e-03
1.644778167084094989e+01 4.021105172921543916e-03
1.659023434242646999e+01 7.984858368891172876e-04
1.659023434242646999e+01 7.076811283394005654e-04
1.672173265022802013e+01 3.827511888742948093e-02
1.683159458791202567e+01 5.219097603810968038e-03
1.683159458791202567e+01 2.162050715334948650e-02
1.688679986420306633e+01 3.534315021404560095e-03
1.694916583261785448e+01 1.394860362159895908e-05
1.694916583261785448e+01 3.256629689896874819e-02
1.699282625271679237e+01 5.422137537066485736e-04
1.703040715388987181e+01 6.648850190913703181e-05
1.707789809227710265e+01 7.541214649441593462e-03
1.707789809227710265e+01 1.233878584671927944e-02
1.724937817634436854e+01 1.043271603469316314e-03
1.726623434650313627e+01 3.709595058000248803e-04
1.726623434650313627e+01 1.975579640655801897e-02
1.730534697898892560e+01 5.162886385280781448e-03
1.730534697898892560e+01 3.202731115439154397e-02
1.734649445062485640e+01 1.103172316652482150e-03
1.761007025592670416e+01 6.458419321210009945e-02
1.774256298326142200e+01 2.086469520228492053e-02
1.774256298326142200e+01 7.963019149234022709e-03
1.839164316458598947e+01 2.931495313823636456e-02
1.839164316458598947e+01 4.474378986040480899e-02
1.840205402577427307e+01 4.629654708914235882e-03
1.850244499262323572e+01 2.802194772326921726e-02
1.854596207513701955e+01 2.165476503089413068e-06
1.859821605300384206e+01 2.917003923358169742e-02
1.861534281350342468e+01 2.816483369952455310e-02
1.861534281350342468e+01 6.620093528631043091e-03
1.874619404784042942e+01 2.823539827386978979e-02
1.874619404784042942e+01 1.611554013261872753e-01
1.894848618962832987e+01 1.360380518277736102e-02
1.894848618962832987e+01 2.718279506595671323e-03
1.900415736830607472e+01 1.161980100452579406e-01
1.900695541999333571e+01 2.808385601510994534e-02
1.900695541999333571e+01 2.831867141458717027e-02
1.903236866829753993e+01 6.886501145846650679e-04
1.903236866829753993e+01 6.597355377574437574e-02
1.905734145257356005e+01 3.423545569754509604e-02
1.914513813295030431e+01 3.332897964767201487e-02
1.914562113321657577e+01 2.147355170114346751e-03
1.914562113321657577e+01 2.578642147275740995e-02
1.926379546717460656e+01 1.722193039107944648e-02
1.926379546717460656e+01 2.021532988277208523e-02
1.929853546865166791e+01 3.967436771564879228e-02
1.934872706271667298e+01 1.786678428079188641e-02
1.938431741908602035e+01 1.004746009485562967e-02
1.938431741908602035e+01 1.536576536880524956e-04
1.940103154333940694e+01 2.336978443683918397e-02
1.946382988897508426e+01 2.708707274672506396e-02
1.959393353776802726e+01 9.355271858571913290e-03
1.959393353776802726e+01 2.778231143035340620e-02
1.974571248259597311e+01 5.101556786595434767e-03
1.976675956074517160e+01 4.131647292890634933e-03
1.976675956074517160e+01 9.627322086825142178e-02
1.978228998221309709e+01 3.834932605548362202e-04
1.980059263813883774e+01 1.087896572585662393e-02
1.980059263813883774e+01 5.640358297620540456e-04
1.989577043045227001e+01 1.298899672178580322e-01
1.989577043045227001e+01 3.386749035988100009e-02
1.992310879918214184e+01 3.581283734630182763e-02
1.994573739457293016e+01 1.240236340642999948e-03
1.994573739457293016e+01 1.068540028995318501e-03
1.994864559131672976e+01 1.052293796034378393e-01
2.008202109155546111e+01 1.950901224264231515e-02
2.013740195323788029e+01 2.417728209025072923e-03
2.013740195323788029e+01 5.524334693079707009e-04
2.014078311385114972e+01 9.928470169529594880e-02
2.018800454245704401e+01 5.471669260499697346e-02
2.018800454245704401e+01 1.976435457799195772e-02
2.030488113143977813e+01 1.201035490949214392e-02
2.036571501421982333e+01 1.871715949100436621e-02
2.036571501421982333e+01 5.220225067502469105e-03
2.054163148557809038e+01 3.581109850693284333e-03
2.054163148557809038e+01 5.862003421332166730e-02
2.059451093840350921e+01 1.920340336343981619e-04
2.070265963533169185e+01 3.317884229778064742e-03
2.077414237692297050e+01 4.760574006017239714e-03
2.077414237692297050e+01 2.195257879040763555e-02
2.088224540599539480e+01 6.780344712110306267e-03
2.088907396662251870e+01 4.273832196703042374e-02
2.088907396662251870e+01 2.704856919313084265e-02
2.104165503190252551e+01 8.652444173255063528e-03
2.122386949977475012e+01 3.890661309245634428e-03
2.139779016918853571e+01 1.975479109569525105e-02
2.139779016918853571e+01 1.369260318584879232e-01
2.147532611045181383e+01 6.143730180112346936e-03
2.147532611045181383e+01 2.055823709193627460e-02
2.194670243102458684e+01 1.248419767988579376e-04
2.291749035757411690e+01 3.657089212475167646e-04
2.291749035798326872e+01 6.705884940955056557e-03
2.299246538433516562e+01 2.047796096228105781e-04
2.308244115793839057e+01 5.218080017471033588e-02
2.321381858955355071e+01 4.368685414352270350e-04
2.321381858955355071e+01 8.714678321951648942e-04
2.370221610679784519e+01 3.873150311725892639e-05
2.370221610679784519e+01 2.257196067295568626e-02
2.389021232519992211e+01 3.034229876330016631e-03
2.419265865956591810e+01 1.091303899774388741e-01
2.422159572074588851e+01 2.039472197431307227e-02
2.422159572074588851e+01 1.779985342225933950e-02
2.458607570750437077e+01 3.728185960373010116e-02
2.458607570750437077e+01 6.951753777638696244e-03
2.476086055200657299e+01 2.369455722932653149e-02
2.476086055241572481e+01 1.678714643364568812e-02
2.486732628225591313e+01 9.229556331518690843e-03
2.488166183365690998e+01 5.278350108138902402e-02
2.488166183365690998e+01 3.330020382223359242e-03
2.496025694455575916e+01 3.754751852814088020e-02
2.534308073114794979e+01 1.179998359725497681e-03
2.582576263006624018e+01 8.096322489146953738e-02
2.582576263047539200e+01 1.241575066415788291e-02
2.635374433456060927e+01 2.699720051915797947e-02
2.645266580475827922e+01 1.078844246122681177e-01
2.645266580475827922e+01 1.116890809743199819e-01
2.650377378526904693e+01 3.480476082109450892e-02
2.749972751609423227e+01 2.432668664694377131e-06
2.749972751609423227e+01 3.945785901803058600e-04
2.805282513132948097e+01 1.699357238001229266e-03
2.855114075213783664e+01 7.984265254734605743e-02
2.855114075254698136e+01 1.156966949443895276e-01
2.883432578979709149e+01 3.501108128446094730e-02
2.891277475840227140e+01 2.714250654953856423e-01
2.891277475840227140e+01 1.679616573477076685e-02
2.897820349470942602e+01 2.583200679880989781e-01
2.907689256565419456e+01 5.144258103429988349e-02
2.907689256565419456e+01 1.043227434188598660e-02
2.926469400472088012e+01 1.349603758047574278e-02
2.926469400472088012e+01 5.322478871633484765e-02
2.934793753191954835e+01 7.720738285147586699e-02
2.951538877391529425e+01 8.645143741603401183e-03
2.951538877432444608e+01 1.119741819588251572e-02
2.957858131182115713e+01 1.448158277030437702e-01
2.970014119368487471e+01 9.189723174841311036e-04
2.971290078980017313e+01 1.896954918313715338e-04
2.973020209563729566e+01 5.897040681144145521e-03
2.973020209604644393e+01 6.997790599050625338e-02
2.983264249757685604e+01 6.929187814821019531e-02
2.983433645764932862e+01 5.710143632612579151e-02
2.983433645764932862e+01 6.827790782875692299e-02
2.988021301931270557e+01 5.620214314054688617e-04
2.988021301931270557e+01 1.168343516256428391e-02
2.995050721176221487e+01 7.581193857040394342e-03
3.007649354885283444e+01 5.049420130993841072e-02
3.007649354885283444e+01 1.103334321475553659e-01
3.013618774170010184e+01 1.319576136337185287e-03
3.014397402498044087e+01 6.295995165549873873e-02
3.019491213303128063e+01 2.424423421883687424e-01
3.019491213303128063e+01 2.961854794701387905e-02
3.045302672936869826e+01 4.941767756282799094e-03
3.078933306796676206e+01 6.301382589741859330e-02
3.079361630180650167e+01 3.953374181228585388e-02
3.079361630180650167e+01 5.518700949329925082e-03
3.087857969304640804e+01 1.262101617959779723e-02
3.087857969304640804e+01 3.697502693044165919e-05
3.092925280830820611e+01 1.136141324117143650e-04
3.126620524005256030e+01 6.290603790593857214e-02
3.126620524005256030e+01 6.886868172694625943e-03
3.126738606039140933e+01 1.300483990961899192e-02
3.132250652606088792e+01 3.996673941944353659e-02
3.132250652606088792e+01 1.309547752438732946e-03
3.134947745997176227e+01 2.520640150592826784e-02
3.138001949811284419e+01 1.689394197135136583e-06
3.138001949811284419e+01 4.737151870952569172e-04
3.147435560251292230e+01 1.174020521167764598e-02
3.147435560292207413e+01 1.144041005815976951e-05
3.148313363604585291e+01 3.607254561245745901e-03
3.156290827928612330e+01 7.454720333268076296e-04
3.172508270870778802e+01 4.847586490971780675e-03
3.172750441801818511e+01 8.131006727760065056e-02
3.172750441801818511e+01 3.587271028607001699e-02
3.180040687483249329e+01 6.252476270147550030e-02
3.180040687483249329e+01 1.903922779428958434e-02
3.185534861817402330e+01 2.143210225507242173e-05
3.185691784706903107e+01 6.807893536016634828e-02
3.185691784706903107e+01 6.858149724670808967e-02
3.214654624083608780e+01 7.565225627768792753e-03
3.280941360701629606e+01 1.042133799189858787e-04
3.281120674002735882e+01 7.794187615395095636e-02
3.281120674002735882e+01 7.809723595565677690e-02
3.301191658064639256e+01 3.931581167098049251e-02
3.301191658105553728e+01 9.353514872440651939e-02
3.307068386499260981e+01 9.612358832044406347e-04
3.386467604508483475e+01 1.269433269115356885e-03
4.082229798207428928e+01 6.770515456163100736e-03
4.479560723685571588e+01 6.861820128843786060e-02
4.479560723685571588e+01 7.072682457105840866e-04
4.576947333571423115e+01 4.851284450633315537e-02
4.601506572229240533e+01 3.421142528933540043e-03
4.601506572270155004e+01 4.559255601549416781e-02
4.647275473468243234e+01 4.852296951555593735e-03
4.746820386141648385e+01 3.659816897359430971e-02
4.746820386182563567e+01 6.796457667871012506e-04
4.766068872961039204e+01 8.902769816650343750e-06
4.766068873001952255e+01 9.153979250584679331e-03
4.784115805014987899e+01 2.000785201669008900e-03
4.810133229145338163e+01 2.733004987936544367e-02
4.810133229145338163e+01 1.572187163180809261e-04
4.875554642074177991e+01 4.166328518036559181e-02
4.881646506750053760e+01 6.922288724321830561e-04
4.881646506831883414e+01 1.800468575216578743e-02
4.920799869986297637e+01 5.751942028828293391e-03
4.925552962549719638e+01 1.004454442219200258e-02
4.933961215373526699e+01 1.500619883163443113e-03
4.933961215414441170e+01 1.466049518279653979e-04
4.967215469296689889e+01 1.659352280021169843e-02
4.981005423224088702e+01 1.105306889017862969e-02
4.981005423305917645e+01 1.442401789381812446e-02
4.989432690212344568e+01 2.434944256538217836e-03
4.989432690253258329e+01 1.893388673666406008e-02
5.036376720666325468e+01 1.907078313972048811e-04
5.036376720666325468e+01 6.245945716995263651e-03
5.051565557153774932e+01 9.449576387640415756e-03
5.056171136041753300e+01 6.543657791862339404e-04
5.056171136082668482e+01 7.300427728601375154e-04
5.064939371751987096e+01 1.763494905098272891e-02
5.074204951429300792e+01 2.115539059759581619e-02
5.074204951470215263e+01 1.877626003684289063e-03
5.080875467651749489e+01 9.975544741694724552e-04
5.092697940480726260e+01 2.495570798603245465e-05
5.092697940480726260e+01 6.562152396499440835e-03
5.095097667872722980e+01 7.209730892958693882e-04
5.099218104032620147e+01 1.402618774938644945e-02
5.099218104073534619e+01 5.930611358698598297e-04
5.106858267358754233e+01 3.310249207568932445e-03
5.110462291870583584e+01 1.894222185817828448e-03
5.113205058559091043e+01 2.755395999569952310e-03
5.113205058600005515e+01 1.979554104267163342e-02
5.116641407325816004e+01 3.747873381439894083e-03
5.116641407366730476e+01 4.629983404552070504e-04
5.123855155983617493e+01 1.536923005893071209e-02
5.126763427969707010e+01 1.577099399650242970e-02
5.126763427969707010e+01 2.168516698563709155e-03
5.135282612845948336e+01 4.992751911004145518e-03
5.135282612886861386e+01 9.361649329305410730e-03
5.146545622180637025e+01 2.664572276852235615e-03
5.146545622221550786e+01 4.562474520097275534e-03
5.148775329901317122e+01 3.800110035604078052e-03
5.153970087996493987e+01 5.477167062839479107e-05
5.153970088037408459e+01 6.521479275578026709e-03
5.165141757282709278e+01 5.234218050261309771e-04
5.165141757282709278e+01 1.641763860226570088e-02
5.168534584174161495e+01 3.339393300085194936e-03
5.170653363320165852e+01 4.788108239235280145e-04
5.171786635564308909e+01 1.061588531966130636e-02
5.171786635564308909e+01 1.840841753876801008e-03
5.187396229678235926e+01 2.445550387796889893e-02
5.200947497223187810e+01 2.393438097471442538e-02
5.200947497223187810e+01 1.072879685596446128e-02
5.204969326459617207e+01 2.554584972957098070e-03
5.204969326459617207e+01 6.733179803266455899e-04
5.220416983127057620e+01 5.248616039858195956e-03
5.220416983127057620e+01 2.916774062065871642e-02
5.222060096963983256e+01 1.684291250743556539e-04
5.222742471418759180e+01 1.184737648752383354e-02
5.252569422015901779e+01 9.662623349150428146e-04
5.253841158075990592e+01 1.442346192728159726e-02
5.253841158116904353e+01 7.236625770149474578e-04
5.262194631485047580e+01 1.516317414091172648e-02
5.262194631525962052e+01 6.248106498377760951e-04
5.269514679414161407e+01 2.921097703907471043e-03
5.269514679414161407e+01 5.907363240080318323e-02
5.285357612920918058e+01 1.290673786888273068e-03
5.300999983828320694e+01 9.599345294767707218e-03
5.300999983869236587e+01 5.057371443923611154e-02
5.325356351883753092e+01 1.977815745460710303e-02
5.325746680488953899e+01 1.086160823461049078e-02
5.336423368105040055e+01 7.267886758133628236e-03
5.336423368105040055e+01 1.697674153578733816e-02
5.336830298907188563e+01 2.200525169942272561e-06
5.348295907947470340e+01 2.977879359630273160e-03
5.349855788345966090e+01 6.900937580641509700e-05
5.349855788386881272e+01 4.401423339188616224e-03
5.370477156093033955e+01 4.516909889545325102e-02
5.382711029787182611e+01 2.078948857563586022e-02
5.386996836716845394e+01 3.350444832742334564e-04
5.386996836757760576e+01 4.057512966216822252e-04
5.391143680506528568e+01 4.834478857669577412e-03
5.391143680506528568e+01 6.543883214945939164e-02
5.409970128207456241e+01 8.528144783179546044e-04
5.409970128248371424e+01 1.837283460098661225e-02
5.422626443376064742e+01 8.149858569921102081e-02
5.429999796478389129e+01 8.011704103904047393e-04
5.440238425569263825e+01 4.165329876297667322e-02
5.440238425610178297e+01 2.149471897094741395e-03
5.449411327039139508e+01 7.173502460223533765e-04
5.461052856071906092e+01 9.179462614976881263e-03
5.461052856071906092e+01 2.237548128537456839e-04
5.467246125056024653e+01 2.107472014144900195e-04
5.467246125056024653e+01 1.845784965090127225e-02
5.475544017897922799e+01 3.783060303772267305e-03
5.485202049125896195e+01 2.900105903131969861e-03
5.485202049125896195e+01 1.009643499638755888e-03
5.495780054658054326e+01 9.666111767041059429e-05
5.500914505751006800e+01 1.148491853725782958e-03
5.500914505751006800e+01 1.799933065574686047e-02
5.508562924453343612e+01 6.701327267231851426e-04
5.514202731282947667e+01 1.096484839974997197e-02
5.514202731323862849e+01 1.525346551487108751e-02
5.516043469996737514e+01 1.244281626403385185e-03
5.535687686827605347e+01 2.098516905645964666e-04
5.535687686868520530e+01 1.110374654245076947e-02
5.544239210218146496e+01 5.737650952167861439e-03
5.547878398696592228e+01 7.500974541616727692e-03
5.551875123643716847e+01 7.549105226162012260e-03
5.551875123643716847e+01 8.308280568956076181e-03
5.587291227952712092e+01 7.666143885099734219e-03
5.590410399372221661e+01 9.225492019146467465e-03
5.590410399413136133e+01 3.118031966290519402e-02
5.602428548470505376e+01 3.854045580253313667e-03
5.602428548470505376e+01 6.834712604739866422e-03
5.611189939628160062e+01 1.869637415882720137e-03
5.615380646072359383e+01 1.352236098939707531e-02
5.615380646072359383e+01 2.414739313653798541e-02
5.615969084476458306e+01 7.209941418533240927e-04
5.615969084476458306e+01 1.496205517438757050e-02
5.635380461524935214e+01 6.883227631633298191e-03
5.638436873632741708e+01 2.704284136160483090e-02
5.638436873632741708e+01 4.744884242916937167e-02
5.639765921610036514e+01 2.686617697561421905e-04
5.650902064056404583e+01 3.160031428358530715e-03
5.650902064056404583e+01 1.687576595455621276e-02
5.662110883885716106e+01 6.356500572725011511e-02
5.662110883885716106e+01 1.325237843057619665e-02
5.662550887295240187e+01 4.356462154861956426e-02
5.680432757895196971e+01 2.459478185796070120e-03
5.680432757895196971e+01 5.926953257630695988e-05
5.692577334866157912e+01 4.401911674148249916e-03
5.701774295989042685e+01 1.141374059421342100e-03
5.701774296029957867e+01 1.676716374127747849e-02
5.706059721306505850e+01 1.214689634443906832e-04
5.717415520709655397e+01 4.859937663143032612e-03
5.719054230029044561e+01 2.097766057571464129e-03
5.740633039140173821e+01 3.770692257897154120e-03
5.740633039140173821e+01 1.730611142035723199e-03
5.751229118164955878e+01 8.250171479138795200e-03
5.751229118205871060e+01 3.122318449367275303e-02
5.752472533378987407e+01 9.171551240573094441e-03
5.763790369016771109e+01 2.265377537991748041e-02
5.775901784881674672e+01 2.004687263987648804e-03
5.775901784881674672e+01 2.835400795746881308e-02
5.825689648335367110e+01 7.448545243268817409e-03
5.833063029259746202e+01 1.799887929490461350e-02
5.833063029300661384e+01 2.073274869781014957e-03
5.836684331471626308e+01 2.831642564673799071e-05
5.855546369634893011e+01 1.184580387273292089e-02
5.855546369634893011e+01 1.268536237898060248e-02
5.869710132454748930e+01 2.725102689284611239e-03
5.885673852012627805e+01 9.216789234089433139e-03
5.885673852012627805e+01 8.308658006064253065e-04
5.902994876362218690e+01 1.172480098500294603e-02
5.906575274631355654e+01 3.204955281850660649e-03
5.906575274631355654e+01 7.780616971053895027e-03
5.914257070469813016e+01 1.501662383414617292e-03
5.921044956686142768e+01 1.350830912111326138e-02
5.921044956686142768e+01 1.218571096302278542e-02
5.935242442249308681e+01 2.097952676806982136e-02
5.935242442290222442e+01 4.589194728507607862e-04
5.936720365873413385e+01 3.733268729846954403e-02
5.940820474749745728e+01 3.765279332198483305e-04
5.947939224758987109e+01 4.043601447827499008e-03
5.960351030675669648e+01 3.425173900384317422e-05
5.960351030716584120e+01 4.766607387778033778e-02
5.982041883166627372e+01 1.054786257881733247e-02
5.982601986118091730e+01 1.583896566052823539e-03
5.982601986118091730e+01 6.483072218189879499e-02
5.990988680818853140e+01 8.716313907189007781e-03
5.990988680818853140e+01 1.017009708048658041e-02
6.001887144000212260e+01 2.676197512677517577e-03
6.004991180917945570e+01 3.448480740618526438e-03
6.004991180958860042e+01 1.707798064998419796e-02
6.016425605281784783e+01 1.427102667827094533e-05
6.088854543544888998e+01 2.162403559024846187e-03
6.088854543585802759e+01 3.780735856069329485e-03
6.117551937655929351e+01 2.252259562588696548e-04
6.117551937655929351e+01 6.223960563103100342e-04
6.159554478385697251e+01 1.194602912628653889e-02
6.225824234999643636e+01 1.139331039511230249e-02
6.228062467888619125e+01 1.382058344119212808e-04
6.228062467888619125e+01 7.212206999033683556e-03
6.229096593256877412e+01 2.536868685257755857e-02
6.262038822640869284e+01 5.059049524704337629e-03
6.300179142874780069e+01 2.920198302980478097e-02
6.300179142915695962e+01 2.567213772740049860e-02
6.316631487949998558e+01 2.701028746802314716e-03
6.316631487949998558e+01 5.416097788596888236e-03
6.331023212323326277e+01 7.861993749641707496e-03
6.331023212323326277e+01 8.159095036731235781e-04
6.337824945330395110e+01 8.157891496570707311e-04
6.406974247455194416e+01 3.071348935807758848e-02
6.406974247455194416e+01 7.918025067435438547e-02
6.427570259082453674e+01 4.006020827371080395e-02
6.430782298758579429e+01 5.416195669962074917e-03
6.435010361097182852e+01 4.107789015586896068e-03
6.435010361097182852e+01 2.235100532020662528e-02
6.447059261420676535e+01 5.527957143391944812e-04
6.456194811537689304e+01 1.001758059752712142e-02
6.456194811578605197e+01 1.736149086041755896e-04
6.477009441131677647e+01 6.492322990272684190e-03
6.477009441131677647e+01 8.436023350303861398e-03
6.483412432921825541e+01 6.329916536468698125e-03
6.490960203012001273e+01 6.354485483118372776e-04
6.490960203012001273e+01 4.110345122928933670e-02
6.501266809440789984e+01 2.386383030415969390e-03
6.517899366101224246e+01 5.831768436298809775e-03
6.524123456929470422e+01 1.388815505839132748e-02
6.524123456970383472e+01 2.204577762528436326e-03
6.537744269585074619e+01 9.421953698299758350e-04
6.541603952423210444e+01 1.773691495632950463e-04
6.543493272248203141e+01 1.140837628445487721e-03
6.543493272289117613e+01 1.454847494526502819e-02
6.553971024609599283e+01 8.340679701452002534e-03
6.553971024609599283e+01 1.039742697597720875e-03
6.559416036474367218e+01 5.176612564722913104e-03
6.567026403444550908e+01 9.751601526055871105e-03
6.567026403444550908e+01 3.063209398166197393e-03
6.570436930849444934e+01 4.790804439918801679e-06
6.570436930890360827e+01 6.303001752679451668e-03
6.571816779114973883e+01 3.995819479239414926e-03
6.575573671329202341e+01 1.099237661585505983e-05
6.575573671370116813e+01 2.064860716941261179e-02
6.576881566403483248e+01 7.083326102463851021e-04
6.577815402718711368e+01 3.605377226586437001e-02
6.577815402759624419e+01 1.432631592873644284e-02
6.580256325080317481e+01 1.997342359102327454e-06
6.588314156721160941e+01 2.997435879163125704e-05
6.605519678059434341e+01 1.335685727638439430e-02
6.605519678059434341e+01 3.830176875912060951e-05
6.605603658765501507e+01 3.792774353394679030e-03
6.610653903425517797e+01 2.697451803868716400e-03
6.610653903466430847e+01 4.157375728002805221e-03
6.617032328996700130e+01 2.556076688635351354e-02
6.617032328996700130e+01 8.042390796807265957e-03
6.621053595695748584e+01 8.454594515627332615e-05
6.622782654393918733e+01 3.195616340219138707e-02
6.631477230439044490e+01 1.811075740111821319e-04
6.634323424303688910e+01 3.251588142856146751e-03
6.634323424303688910e+01 1.558980482679074618e-03
6.650374271937484139e+01 2.787614745340763500e-04
6.664362010350322407e+01 7.005644604403094521e-03
6.675306431964237674e+01 5.922309319300062414e-05
6.675306432005153567e+01 1.949245516076751486e-03
6.676695606018577678e+01 6.218997299582257852e-03
6.694478783814935241e+01 5.157971285615875479e-03
6.700442227167970088e+01 2.285394938711429388e-03
6.709286824596637189e+01 4.913118325094342244e-03
6.709286824596637189e+01 5.059774256166612617e-03
6.732821640500178262e+01 1.168340769570481042e-03
6.739032920909190238e+01 2.347949541592990724e-03
6.739032920950106131e+01 9.778022315607936416e-03
6.767821601306680179e+01 1.336473332277244262e-02
6.767821601347594651e+01 8.666429201163719509e-02
6.776713138509028056e+01 3.128813830643156942e-03
6.789990429319145449e+01 3.482285957969940421e-02
6.793570721618988273e+01 1.095670046766493216e-03
6.793570721659902745e+01 8.601867734033839807e-03
6.823948331298713299e+01 1.070696404284534296e-02
6.828388334024702999e+01 7.216342338581418700e-03
6.828388334065618892e+01 1.040574197663296681e-02
6.862016764827905035e+01 3.284438069926080839e-02
6.879719763269967814e+01 2.085772559484847021e-04
6.879719763310880865e+01 1.897519525133805132e-02
6.928897873762231541e+01 1.757494890223005105e-02
6.946514929266044192e+01 3.931240057095528678e-08
6.946514929306961506e+01 8.375153384616976227e-02
6.975380503928809617e+01 9.640776623795558600e-04
7.198694633692208811e+01 2.468505503749717639e-02
7.198694633733124704e+01 3.722601586795614564e-02
7.397554601944466413e+01 4.127234882890374983e-04
