        atomic unit dQ :           309.5211876323
        atomic unit freqi/f:      0.00074565944631498      0.00074472446152474

        Temperature :  300 K ; Maximum initial state oscillator quantum number   17
                          n   m   occupation     deltacoef      overlap
            Contribution:  17 107   8.899703e-07   3.008949e-06    0.002281364
            Contribution:  17 106   8.899703e-07    0.003198592    0.003439747
            Contribution:  17 105   8.899703e-07      0.7127181    0.005033357
            Contribution:  17 104   8.899703e-07        33.2883    0.007134387
            Contribution:  17 103   8.899703e-07       325.8969    0.009773449
            Contribution:  17 102   8.899703e-07       668.7808     0.01290535
            Contribution:  17 101   8.899703e-07        287.675     0.01637249
            Contribution:  17 100   8.899703e-07       25.93794     0.01987658
            Contribution:  17  99   8.899703e-07      0.4902116     0.02297422
            Contribution:  17  98   8.899703e-07    0.001941988     0.02511429
            Contribution:  16 106   1.948529e-06    2.97981e-06    0.001219973
            Contribution:  16 105   1.948529e-06    0.003173837    0.001913657
            Contribution:  16 104   1.948529e-06      0.7085907    0.002920226
            Contribution:  16 103   1.948529e-06       33.16051     0.00432849
            Contribution:  16 102   1.948529e-06       325.2833    0.006220861
            Contribution:  16 101   1.948529e-06       668.8323    0.008650815
            Contribution:  16 100   1.948529e-06       288.2621     0.01161155
            Contribution:  16  99   1.948529e-06       26.04191     0.01499924
            Contribution:  16  98   1.948529e-06       0.493143     0.01857915
            Contribution:  16  97   1.948529e-06    0.001957437     0.02196819
            Contribution:  15 105    4.26617e-06   2.950946e-06   0.0006065264
            Contribution:  15 104    4.26617e-06    0.003149265   0.0009877463
            Contribution:  15 103    4.26617e-06      0.7044854    0.001568061
            Contribution:  15 102    4.26617e-06       33.03313    0.002423546
            Contribution:  15 101    4.26617e-06         324.67    0.003641546
            Contribution:  15 100    4.26617e-06       668.8822    0.005310685
            Contribution:  15  99    4.26617e-06       288.8497    0.007502674
            Contribution:  15  98    4.26617e-06       26.14623     0.01024493
            Contribution:  15  97    4.26617e-06      0.4960908      0.0134856
            Contribution:  15  96    4.26617e-06    0.001973004     0.01705666
            Contribution:  14 104   9.340486e-06   2.922354e-06   0.0002797747
            Contribution:  14 103   9.340486e-06    0.003124876   0.0004722013
            Contribution:  14 102   9.340486e-06      0.7004022   0.0007782685
            Contribution:  14 101   9.340486e-06       32.90615    0.001251288
            Contribution:  14 100   9.340486e-06       324.0571    0.001960191
            Contribution:  14  99   9.340486e-06       668.9305     0.00298795
            Contribution:  14  98   9.340486e-06       289.4378    0.004425095
            Contribution:  14  97   9.340486e-06       26.25091    0.006356044
            Contribution:  14  96   9.340486e-06      0.4990549    0.008836532
            Contribution:  14  95   9.340486e-06     0.00198869     0.01186214
            Contribution:  13 103   2.045035e-05   2.894032e-06   0.0001193971
            Contribution:  13 102   2.045035e-05    0.003100667   0.0002085392
            Contribution:  13 101   2.045035e-05      0.6963409   0.0003562308
            Contribution:  13 100   2.045035e-05       32.77959   0.0005946212
            Contribution:  13  99   2.045035e-05       323.4446   0.0009689207
            Contribution:  13  98   2.045035e-05       668.9771    0.001539571
            Contribution:  13  97   2.045035e-05       290.0263    0.002382544
            Contribution:  13  96   2.045035e-05       26.35594    0.003585972
            Contribution:  13  95   2.045035e-05      0.5020355    0.005240903
            Contribution:  13  94   2.045035e-05    0.002004496    0.007424018
            Contribution:  12 102   4.477464e-05   2.865978e-06   4.696723e-05
            Contribution:  12 101   4.477464e-05    0.003076639   8.478244e-05
            Contribution:  12 100   4.477464e-05      0.6923015   0.0001498844
            Contribution:  12  99   4.477464e-05       32.65343   0.0002593105
            Contribution:  12  98   4.477464e-05       322.8324   0.0004386712
            Contribution:  12  97   4.477464e-05       669.0221   0.0007249675
            Contribution:  12  96   4.477464e-05       290.6154    0.001169284
            Contribution:  12  95   4.477464e-05       26.46133    0.001838456
            Contribution:  12  94   4.477464e-05      0.5050327    0.002814279
            Contribution:  12  93   4.477464e-05    0.002020423    0.004188268
            Contribution:  11 101   9.803101e-05   2.838188e-06   1.695012e-05
            Contribution:  11 100   9.803101e-05     0.00305279   3.158752e-05
            Contribution:  11  99   9.803101e-05      0.6882838   5.771984e-05
            Contribution:  11  98   9.803101e-05       32.52767   0.0001033529
            Contribution:  11  97   9.803101e-05       322.2206   0.0001812196
            Contribution:  11  96   9.803101e-05       669.0654   0.0003109146
            Contribution:  11  95   9.803101e-05       291.2049   0.0005215144
            Contribution:  11  94   9.803101e-05       26.56707   0.0008544343
            Contribution:  11  93   9.803101e-05      0.5080465    0.001365938
            Contribution:  11  92   9.803101e-05    0.002036471    0.002128251
            Contribution:  10 100   0.0002146322   2.810661e-06   5.579292e-06
            Contribution:  10  99   0.0002146322    0.003029118   1.072331e-05
            Contribution:  10  98   0.0002146322      0.6842877   2.023118e-05
            Contribution:  10  97   0.0002146322       32.40232   3.744697e-05
            Contribution:  10  96   0.0002146322       321.6092   6.796051e-05
            Contribution:  10  95   0.0002146322       669.1071   0.0001208539
            Contribution:  10  94   0.0002146322       291.7949   0.0002104379
            Contribution:  10  93   0.0002146322       26.67317    0.000358519
            Contribution:  10  92   0.0002146322       0.511077   0.0005971159
            Contribution:  10  91   0.0002146322    0.002052641   0.0009713093
            Contribution:   9  99   0.0004699224   2.783394e-06   1.662795e-06
            Contribution:   9  98   0.0004699224    0.003005622   3.293224e-06
            Contribution:   9  97   0.0004699224      0.6803132   6.408839e-06
            Contribution:   9  96   0.0004699224       32.27738   1.224916e-05
            Contribution:   9  95   0.0004699224       320.9981    2.29816e-05
            Contribution:   9  94   0.0004699224       669.1471   4.230216e-05
            Contribution:   9  93   0.0004699224       292.3853   7.634766e-05
            Contribution:   9  92   0.0004699224       26.77962   0.0001350207
            Contribution:   9  91   0.0004699224      0.5141244   0.0002338148
            Contribution:   9  90   0.0004699224    0.002068935   0.0003961668
            Contribution:   8  98    0.001028863   2.756385e-06   4.446048e-07
            Contribution:   8  97    0.001028863    0.002982301   9.066889e-07
            Contribution:   8  96    0.001028863      0.6763601   1.818506e-06
            Contribution:   8  95    0.001028863       32.15284   3.585622e-06
            Contribution:   8  94    0.001028863       320.3874   6.947308e-06
            Contribution:   8  93    0.001028863       669.1855   1.322108e-05
            Contribution:   8  92    0.001028863       292.9763       2.47e-05
            Contribution:   8  91    0.001028863       26.88644   4.527633e-05
            Contribution:   8  90    0.001028863      0.5171886   8.138336e-05
            Contribution:   8  89    0.001028863    0.002085353   0.0001433556
            Contribution:   7  97    0.002252624   2.729632e-06    1.05425e-07
            Contribution:   7  96    0.002252624    0.002959154   2.212252e-07
            Contribution:   7  95    0.002252624      0.6724283   4.569451e-07
            Contribution:   7  94    0.002252624       32.02869   9.287023e-07
            Contribution:   7  93    0.002252624       319.7771   1.856553e-06
            Contribution:   7  92    0.002252624       669.2223   3.649062e-06
            Contribution:   7  91    0.002252624       293.5677   7.048749e-06
            Contribution:   7  90    0.002252624       26.99361    1.33752e-05
            Contribution:   7  89    0.002252624      0.5202698   2.491913e-05
            Contribution:   7  88    0.002252624    0.002101896   4.555962e-05
            Contribution:   6  96    0.004931966   2.703131e-06   2.183888e-08
            Contribution:   6  95    0.004931966    0.002936179   4.712653e-08
            Contribution:   6  94    0.004931966      0.6685177   1.001795e-07
            Contribution:   6  93    0.004931966       31.90495   2.097178e-07
            Contribution:   6  92    0.004931966       319.1672    4.32208e-07
            Contribution:   6  91    0.004931966       669.2574   8.765983e-07
            Contribution:   6  90    0.004931966       294.1596   1.749039e-06
            Contribution:   6  89    0.004931966       27.10115   3.431788e-06
            Contribution:   6  88    0.004931966      0.5233681   6.618866e-06
            Contribution:   6  87    0.004931966    0.002118565   1.254287e-05
            Contribution:   5  95      0.0107982   2.676881e-06   3.874167e-09
            Contribution:   5  94      0.0107982    0.002913376   8.592548e-09
            Contribution:   5  93      0.0107982      0.6646282   1.878716e-08
            Contribution:   5  92      0.0107982       31.78161   4.048354e-08
            Contribution:   5  91      0.0107982       318.5576   8.595099e-08
            Contribution:   5  90      0.0107982       669.2908   1.797418e-07
            Contribution:   5  89      0.0107982       294.7519   3.701151e-07
            Contribution:   5  88      0.0107982       27.20905   7.501884e-07
            Contribution:   5  87      0.0107982      0.5264836   1.496229e-06
            Contribution:   5  86      0.0107982    0.002135361   2.935343e-06
            Contribution:   4  94     0.02364192   2.650879e-06   5.725706e-10
            Contribution:   4  93     0.02364192    0.002890742   1.304578e-09
            Contribution:   4  92     0.02364192      0.6607597   2.932271e-09
            Contribution:   4  91     0.02364192       31.65867   6.500243e-09
            Contribution:   4  90     0.02364192       317.9484   1.420824e-08
            Contribution:   4  89     0.02364192       669.3226   3.061432e-08
            Contribution:   4  88     0.02364192       295.3447     6.5008e-08
            Contribution:   4  87     0.02364192        27.3173   1.360018e-07
            Contribution:   4  86     0.02364192      0.5296163   2.802399e-07
            Contribution:   4  85     0.02364192    0.002152284   5.685752e-07
            Contribution:   3  93     0.05176236   2.625124e-06   6.771914e-11
            Contribution:   3  92     0.05176236    0.002868277   1.584382e-10
            Contribution:   3  91     0.05176236      0.6569121   3.659166e-10
            Contribution:   3  90     0.05176236       31.53613   8.340456e-10
            Contribution:   3  89     0.05176236       317.3396   1.875822e-09
            Contribution:   3  88     0.05176236       669.3528   4.161907e-09
            Contribution:   3  87     0.05176236        295.938   9.107373e-09
            Contribution:   3  86     0.05176236       27.42593   1.965126e-08
            Contribution:   3  85     0.05176236      0.5327663   4.180001e-08
            Contribution:   3  84     0.05176236    0.002169337   8.762705e-08
            Contribution:   2  92      0.1133301   2.599612e-06   6.012265e-12
            Contribution:   2  91      0.1133301     0.00284598   1.443854e-11
            Contribution:   2  90      0.1133301      0.6530853   3.424898e-11
            Contribution:   2  89      0.1133301       31.41398   8.022972e-11
            Contribution:   2  88      0.1133301       316.7312   1.855701e-10
            Contribution:   2  87      0.1133301       669.3813   4.237254e-10
            Contribution:   2  86      0.1133301       296.5318   9.549507e-10
            Contribution:   2  85      0.1133301       27.53491   2.123784e-09
            Contribution:   2  84      0.1133301      0.5359337   4.659961e-09
            Contribution:   2  83      0.1133301    0.002186519   1.008563e-08
            Contribution:   1  91      0.2481285   2.574342e-06   3.563556e-13
            Contribution:   1  90      0.2481285    0.002823849   8.781155e-13
            Contribution:   1  89      0.2481285      0.6492792   2.138509e-12
            Contribution:   1  88      0.2481285       31.29223   5.146326e-12
            Contribution:   1  87      0.2481285       316.1232   1.223636e-11
            Contribution:   1  86      0.2481285       669.4082    2.87399e-11
            Contribution:   1  85      0.2481285        297.126   6.667171e-11
            Contribution:   1  84      0.2481285       27.64426    1.52738e-10
            Contribution:   1  83      0.2481285      0.5391186   3.454827e-10
            Contribution:   1  82      0.2481285    0.002203832   7.714384e-10
            Contribution:   0  90      0.5432604   2.549311e-06   1.058302e-14
            Contribution:   0  89      0.5432604    0.002801883   2.674725e-14
            Contribution:   0  88      0.5432604      0.6454937   6.685005e-14
            Contribution:   0  87      0.5432604       31.17087    1.65201e-13
            Contribution:   0  86      0.5432604       315.5155   4.035992e-13
            Contribution:   0  85      0.5432604       669.4334   9.746635e-13
            Contribution:   0  84      0.5432604       297.7206   2.326299e-12
            Contribution:   0  83      0.5432604       27.75398   5.486839e-12
            Contribution:   0  82      0.5432604      0.5423212   1.278682e-11
            Contribution:   0  81      0.5432604    0.002221277   2.943903e-11
        <\chi_n|\chi_m> @ T =          300.46933667084       0.00035192139227631
