NONZERO SOC MATRIX ELEMENTS (cm**-1)
------------------------------------

           Bra                       Ket       
<Block Root  S    Ms  | HSOC |  Block Root  S    Ms>    =  Real-part     Imaginary part
--------------------------------------------------------------------------------------
   0    2  1.0  1.0              0     0  1.0  1.0            0.000              0.000
   0    2  1.0  1.0              0     1  1.0  1.0            0.000            155.168
   0    3  1.0  1.0              0     0  1.0  1.0            0.000             -0.001
   0    3  1.0  1.0              0     1  1.0  1.0            0.000             61.694
   0    3  1.0  1.0              0     2  1.0  1.0            0.000            153.900
   0    4  1.0  1.0              0     0  1.0  1.0            0.000              0.001
   0    4  1.0  1.0              0     1  1.0  1.0            0.000           -153.900
   0    4  1.0  1.0              0     2  1.0  1.0            0.000             61.694
   0    4  1.0  1.0              0     3  1.0  1.0            0.000           -169.540
   0    5  1.0  1.0              0     1  1.0  1.0            0.000             -0.000
   0    5  1.0  1.0              0     3  1.0  1.0            0.000             -0.000
   0    5  1.0  1.0              0     4  1.0  1.0            0.000              0.000
   0    0  1.0  0.0              0     1  1.0  1.0          -67.276             36.301
   0    0  1.0  0.0              0     2  1.0  1.0           36.300             67.275
   0    0  1.0  0.0              0     3  1.0  1.0          354.196            -40.393
   0    0  1.0  0.0              0     4  1.0  1.0          -40.392           -354.195
   0    0  1.0  0.0              0     5  1.0  1.0           -0.000             -0.000
   0    1  1.0  0.0              0     0  1.0  1.0           67.276            -36.301
   0    1  1.0  0.0              0     2  1.0  1.0            0.000              0.000
   0    1  1.0  0.0              0     3  1.0  1.0          -12.729             18.276
   0    1  1.0  0.0              0     4  1.0  1.0          -18.276            -12.729
   0    1  1.0  0.0              0     5  1.0  1.0          -36.528             19.710
   0    2  1.0  0.0              0     0  1.0  1.0          -36.300            -67.275
   0    2  1.0  0.0              0     1  1.0  1.0           -0.000             -0.000
   0    2  1.0  0.0              0     3  1.0  1.0          -18.276            -12.728
   0    2  1.0  0.0              0     4  1.0  1.0           12.729            -18.276
   0    2  1.0  0.0              0     5  1.0  1.0           19.710             36.528
   0    3  1.0  0.0              0     0  1.0  1.0         -354.196             40.393
   0    3  1.0  0.0              0     1  1.0  1.0           12.729            -18.276
   0    3  1.0  0.0              0     2  1.0  1.0           18.276             12.728
   0    3  1.0  0.0              0     4  1.0  1.0           -0.000             -0.000
   0    3  1.0  0.0              0     5  1.0  1.0           34.238             -3.904
   0    4  1.0  0.0              0     0  1.0  1.0           40.392            354.195
   0    4  1.0  0.0              0     1  1.0  1.0           18.276             12.729
   0    4  1.0  0.0              0     2  1.0  1.0          -12.729             18.276
   0    4  1.0  0.0              0     3  1.0  1.0            0.000              0.000
   0    4  1.0  0.0              0     5  1.0  1.0           -3.905            -34.239
   0    5  1.0  0.0              0     0  1.0  1.0            0.000              0.000
   0    5  1.0  0.0              0     1  1.0  1.0           36.528            -19.710
   0    5  1.0  0.0              0     2  1.0  1.0          -19.710            -36.528
   0    5  1.0  0.0              0     3  1.0  1.0          -34.238              3.904
   0    5  1.0  0.0              0     4  1.0  1.0            3.905             34.239
   0    0  1.0 -1.0              0     1  1.0  0.0          -67.276             36.301
   0    0  1.0 -1.0              0     2  1.0  0.0           36.300             67.275
   0    0  1.0 -1.0              0     3  1.0  0.0          354.196            -40.393
   0    0  1.0 -1.0              0     4  1.0  0.0          -40.392           -354.195
   0    0  1.0 -1.0              0     5  1.0  0.0           -0.000             -0.000
   0    1  1.0 -1.0              0     0  1.0  0.0           67.276            -36.301
   0    1  1.0 -1.0              0     2  1.0  0.0            0.000              0.000
   0    1  1.0 -1.0              0     3  1.0  0.0          -12.729             18.276
   0    1  1.0 -1.0              0     4  1.0  0.0          -18.276            -12.729
   0    1  1.0 -1.0              0     5  1.0  0.0          -36.528             19.710
   0    2  1.0 -1.0              0     0  1.0  0.0          -36.300            -67.275
   0    2  1.0 -1.0              0     1  1.0  0.0           -0.000             -0.000
   0    2  1.0 -1.0              0     3  1.0  0.0          -18.276            -12.728
   0    2  1.0 -1.0              0     4  1.0  0.0           12.729            -18.276
   0    2  1.0 -1.0              0     5  1.0  0.0           19.710             36.528
   0    2  1.0 -1.0              0     0  1.0 -1.0           -0.000             -0.000
   0    2  1.0 -1.0              0     1  1.0 -1.0           -0.000           -155.168
   0    3  1.0 -1.0              0     0  1.0  0.0         -354.196             40.393
   0    3  1.0 -1.0              0     1  1.0  0.0           12.729            -18.276
   0    3  1.0 -1.0              0     2  1.0  0.0           18.276             12.728
   0    3  1.0 -1.0              0     4  1.0  0.0           -0.000             -0.000
   0    3  1.0 -1.0              0     5  1.0  0.0           34.238             -3.904
   0    3  1.0 -1.0              0     0  1.0 -1.0           -0.000              0.001
   0    3  1.0 -1.0              0     1  1.0 -1.0           -0.000            -61.694
   0    3  1.0 -1.0              0     2  1.0 -1.0           -0.000           -153.900
   0    4  1.0 -1.0              0     0  1.0  0.0           40.392            354.195
   0    4  1.0 -1.0              0     1  1.0  0.0           18.276             12.729
   0    4  1.0 -1.0              0     2  1.0  0.0          -12.729             18.276
   0    4  1.0 -1.0              0     3  1.0  0.0            0.000              0.000
   0    4  1.0 -1.0              0     5  1.0  0.0           -3.905            -34.239
   0    4  1.0 -1.0              0     0  1.0 -1.0           -0.000             -0.001
   0    4  1.0 -1.0              0     1  1.0 -1.0           -0.000            153.900
   0    4  1.0 -1.0              0     2  1.0 -1.0           -0.000            -61.694
   0    4  1.0 -1.0              0     3  1.0 -1.0           -0.000            169.540
   0    5  1.0 -1.0              0     0  1.0  0.0            0.000              0.000
   0    5  1.0 -1.0              0     1  1.0  0.0           36.528            -19.710
   0    5  1.0 -1.0              0     2  1.0  0.0          -19.710            -36.528
   0    5  1.0 -1.0              0     3  1.0  0.0          -34.238              3.904
   0    5  1.0 -1.0              0     4  1.0  0.0            3.905             34.239
   0    5  1.0 -1.0              0     1  1.0 -1.0           -0.000              0.000
   0    5  1.0 -1.0              0     3  1.0 -1.0           -0.000              0.000
   0    5  1.0 -1.0              0     4  1.0 -1.0           -0.000             -0.000
   1    0  0.0  0.0              0     0  1.0  1.0           12.984             -7.565
   1    0  0.0  0.0              0     1  1.0  1.0          -79.819             48.766
   1    0  0.0  0.0              0     2  1.0  1.0          -48.766            -79.818
   1    0  0.0  0.0              0     3  1.0  1.0          211.196           -283.008
   1    0  0.0  0.0              0     4  1.0  1.0          283.009            211.195
   1    0  0.0  0.0              0     5  1.0  1.0            9.316             -5.427
   1    0  0.0  0.0              0     1  1.0  0.0           -0.000              0.489
   1    0  0.0  0.0              0     2  1.0  0.0           -0.000            -14.922
   1    0  0.0  0.0              0     3  1.0  0.0           -0.000             -2.351
   1    0  0.0  0.0              0     4  1.0  0.0           -0.000              5.350
   1    0  0.0  0.0              0     0  1.0 -1.0           12.984              7.565
   1    0  0.0  0.0              0     1  1.0 -1.0          -79.819            -48.766
   1    0  0.0  0.0              0     2  1.0 -1.0          -48.766             79.818
   1    0  0.0  0.0              0     3  1.0 -1.0          211.196            283.008
   1    0  0.0  0.0              0     4  1.0 -1.0          283.009           -211.195
   1    0  0.0  0.0              0     5  1.0 -1.0            9.316              5.427
   1    1  0.0  0.0              0     0  1.0  1.0           -7.564            -12.983
   1    1  0.0  0.0              0     1  1.0  1.0          -48.767            -79.820
   1    1  0.0  0.0              0     2  1.0  1.0           79.818            -48.765
   1    1  0.0  0.0              0     3  1.0  1.0          283.008            211.194
   1    1  0.0  0.0              0     4  1.0  1.0         -211.197            283.008
   1    1  0.0  0.0              0     5  1.0  1.0           -5.428             -9.315
   1    1  0.0  0.0              0     0  1.0  0.0           -0.000              0.001
   1    1  0.0  0.0              0     1  1.0  0.0           -0.000             14.921
   1    1  0.0  0.0              0     2  1.0  0.0           -0.000              0.489
   1    1  0.0  0.0              0     3  1.0  0.0           -0.000             -5.352
   1    1  0.0  0.0              0     4  1.0  0.0           -0.000             -2.351
   1    1  0.0  0.0              0     5  1.0  0.0           -0.000             -0.000
   1    1  0.0  0.0              0     0  1.0 -1.0           -7.564             12.983
   1    1  0.0  0.0              0     1  1.0 -1.0          -48.767             79.820
   1    1  0.0  0.0              0     2  1.0 -1.0           79.818             48.765
   1    1  0.0  0.0              0     3  1.0 -1.0          283.008           -211.194
   1    1  0.0  0.0              0     4  1.0 -1.0         -211.197           -283.008
   1    1  0.0  0.0              0     5  1.0 -1.0           -5.428              9.315
   1    2  0.0  0.0              0     0  1.0  1.0            0.000              0.001
   1    2  0.0  0.0              0     1  1.0  1.0         -136.429           -252.841
   1    2  0.0  0.0              0     2  1.0  1.0         -252.843            136.429
   1    2  0.0  0.0              0     3  1.0  1.0          -13.864           -121.565
   1    2  0.0  0.0              0     4  1.0  1.0         -121.564             13.862
   1    2  0.0  0.0              0     5  1.0  1.0           -0.000              0.000
   1    2  0.0  0.0              0     0  1.0  0.0           -0.000            464.450
   1    2  0.0  0.0              0     1  1.0  0.0           -0.000              0.000
   1    2  0.0  0.0              0     2  1.0  0.0           -0.000              0.000
   1    2  0.0  0.0              0     3  1.0  0.0           -0.000              0.000
   1    2  0.0  0.0              0     4  1.0  0.0           -0.000              0.001
   1    2  0.0  0.0              0     5  1.0  0.0           -0.000            -54.800
   1    2  0.0  0.0              0     0  1.0 -1.0            0.000             -0.001
   1    2  0.0  0.0              0     1  1.0 -1.0         -136.429            252.841
   1    2  0.0  0.0              0     2  1.0 -1.0         -252.843           -136.429
   1    2  0.0  0.0              0     3  1.0 -1.0          -13.864            121.565
   1    2  0.0  0.0              0     4  1.0 -1.0         -121.564            -13.862
   1    2  0.0  0.0              0     5  1.0 -1.0           -0.000             -0.000

Note: In the following the full <I|HBO+SOC|J> are printed in the CI Basis.     
