                     ---- THE CAS-SCF GRADIENT HAS CONVERGED ----
                            --- FINALIZING ORBITALS ---
                    ---- DOING ONE FINAL ITERATION FOR PRINTING ----
   --- Canonicalize Active Space
   --- Canonicalize Internal Space
   --- Canonicalize External Space

MACRO-ITERATION  23: 
   --- Inactive Energy E0 = -33977.60662966 Eh
   --- All densities will be recomputed
CI-ITERATION   0: 
-33982.257750227   0.000000000000 (    0.04)
-33982.183034908   0.000000000000
-33982.183034331   0.000000000000
-33982.162001544   0.000000000000
-33982.161999147   0.000000000000
-33982.155660522   0.000000000000
   CI-PROBLEM SOLVED
   DENSITIES MADE
CI-ITERATION   0: 
-33982.213887323   0.000000000000 (    0.02)
-33982.213887221   0.000000000000
-33982.181940728   0.000000000000
   CI-PROBLEM SOLVED
   DENSITIES MADE
   E(CAS)=-33982.190355102 Eh DE=   -9.305222e-08
   --- Energy gap subspaces: Ext-Act = -0.314   Act-Int = 0.144
   N(occ)=  1.56009 0.97130 0.97129 0.36100 0.06382 0.06378 0.00872
   ||g|| =     2.161695e-04 Max(G)=    1.629867e-05 Rot=1113,124
   --- Number of divergent steps = 6
--------------
CASSCF RESULTS
--------------

Final CASSCF energy       : -33982.190355102 Eh -924702.4105 eV

----------------
ORBITAL ENERGIES
----------------

  NO   OCC          E(Eh)            E(eV) 
   0   2.0000    -739.108653    -20112.1689 
   1   2.0000    -357.816082     -9736.6706 
   2   2.0000    -357.816082     -9736.6706 
   3   2.0000    -357.816082     -9736.6706 
   4   2.0000    -357.777205     -9735.6127 
   5   2.0000    -357.777205     -9735.6127 
   6   2.0000    -357.777204     -9735.6127 
   7   2.0000    -357.770932     -9735.4420 
   8   2.0000    -357.770932     -9735.4420 
   9   2.0000    -357.770932     -9735.4420 
  10   2.0000    -357.770932     -9735.4420 
  11   2.0000    -357.770932     -9735.4420 
  12   2.0000    -357.770932     -9735.4420 
  13   2.0000    -357.757335     -9735.0720 
  14   2.0000    -357.757334     -9735.0720 
  15   2.0000    -357.757334     -9735.0720 
  16   2.0000    -357.710820     -9733.8063 
  17   2.0000    -107.562347     -2926.9203 
  18   2.0000     -96.017469     -2612.7682 
  19   2.0000     -96.017469     -2612.7682 
  20   2.0000     -96.014706     -2612.6930 
  21   2.0000     -45.600885     -1240.8632 
  22   2.0000     -45.600884     -1240.8631 
  23   2.0000     -45.600884     -1240.8631 
  24   2.0000     -45.563859     -1239.8556 
  25   2.0000     -45.563859     -1239.8556 
  26   2.0000     -45.563859     -1239.8556 
  27   2.0000     -45.556481     -1239.6549 
  28   2.0000     -45.556481     -1239.6549 
  29   2.0000     -45.556481     -1239.6549 
  30   2.0000     -45.556480     -1239.6548 
  31   2.0000     -45.556480     -1239.6548 
  32   2.0000     -45.556480     -1239.6548 
  33   2.0000     -45.542599     -1239.2771 
  34   2.0000     -45.542598     -1239.2771 
  35   2.0000     -45.542598     -1239.2771 
  36   2.0000     -45.496288     -1238.0169 
  37   2.0000     -39.415805     -1072.5586 
  38   2.0000     -39.415804     -1072.5585 
  39   2.0000     -39.415804     -1072.5585 
  40   2.0000     -39.414871     -1072.5332 
  41   2.0000     -39.414871     -1072.5332 
  42   2.0000     -39.414871     -1072.5332 
  43   2.0000     -39.414432     -1072.5212 
  44   2.0000     -39.414432     -1072.5212 
  45   2.0000     -39.414431     -1072.5212 
  46   2.0000     -39.379476     -1071.5700 
  47   2.0000     -39.379475     -1071.5700 
  48   2.0000     -39.379474     -1071.5700 
  49   2.0000     -39.376803     -1071.4973 
  50   2.0000     -39.376803     -1071.4973 
  51   2.0000     -39.376802     -1071.4973 
  52   2.0000     -39.376780     -1071.4967 
  53   2.0000     -39.376780     -1071.4967 
  54   2.0000     -39.376780     -1071.4966 
  55   2.0000     -39.371357     -1071.3491 
  56   2.0000     -39.371357     -1071.3491 
  57   2.0000     -39.371357     -1071.3491 
  58   2.0000     -39.371356     -1071.3491 
  59   2.0000     -39.371356     -1071.3491 
  60   2.0000     -39.371355     -1071.3490 
  61   2.0000     -39.370438     -1071.3241 
  62   2.0000     -39.370438     -1071.3241 
  63   2.0000     -39.370438     -1071.3241 
  64   2.0000     -39.370438     -1071.3241 
  65   2.0000     -39.370437     -1071.3241 
  66   2.0000     -39.370437     -1071.3241 
  67   2.0000     -39.369775     -1071.3061 
  68   2.0000     -39.369775     -1071.3060 
  69   2.0000     -39.369775     -1071.3060 
  70   2.0000     -39.369775     -1071.3060 
  71   2.0000     -39.369774     -1071.3060 
  72   2.0000     -39.369774     -1071.3060 
  73   2.0000     -39.357045     -1070.9597 
  74   2.0000     -39.357045     -1070.9596 
  75   2.0000     -39.357045     -1070.9596 
  76   2.0000     -39.356733     -1070.9512 
  77   2.0000     -39.356733     -1070.9512 
  78   2.0000     -39.356733     -1070.9512 
  79   2.0000     -39.356307     -1070.9396 
  80   2.0000     -39.356307     -1070.9395 
  81   2.0000     -39.356306     -1070.9395 
  82   2.0000     -39.310768     -1069.7004 
  83   2.0000     -39.310150     -1069.6836 
  84   2.0000     -39.310150     -1069.6836 
  85   2.0000     -20.841565      -567.1278 
  86   2.0000     -20.841565      -567.1278 
  87   2.0000     -20.841564      -567.1278 
  88   2.0000     -20.826499      -566.7179 
  89   2.0000     -20.774629      -565.3064 
  90   2.0000     -20.774628      -565.3064 
  91   2.0000     -20.774627      -565.3064 
  92   2.0000     -20.774625      -565.3063 
  93   2.0000     -20.774625      -565.3063 
  94   2.0000     -20.774623      -565.3062 
  95   2.0000     -20.772548      -565.2498 
  96   2.0000     -20.772548      -565.2498 
  97   2.0000     -20.772547      -565.2497 
  98   2.0000     -20.741298      -564.3994 
  99   2.0000     -20.741297      -564.3994 
 100   2.0000     -20.741293      -564.3993 
 101   2.0000     -19.870552      -540.7052 
 102   2.0000     -15.972687      -434.6389 
 103   2.0000     -15.972686      -434.6389 
 104   2.0000     -15.960988      -434.3206 
 105   2.0000      -9.608932      -261.4723 
 106   2.0000      -9.608932      -261.4723 
 107   2.0000      -9.603419      -261.3223 
 108   2.0000      -9.603419      -261.3223 
 109   2.0000      -9.602803      -261.3056 
 110   2.0000      -6.078030      -165.3916 
 111   2.0000      -6.078025      -165.3915 
 112   2.0000      -6.078025      -165.3915 
 113   2.0000      -6.040803      -164.3786 
 114   2.0000      -6.040796      -164.3784 
 115   2.0000      -6.040796      -164.3784 
 116   2.0000      -6.035042      -164.2218 
 117   2.0000      -6.035042      -164.2218 
 118   2.0000      -6.035041      -164.2218 
 119   2.0000      -6.035038      -164.2217 
 120   2.0000      -6.035038      -164.2217 
 121   2.0000      -6.035038      -164.2217 
 122   2.0000      -6.020365      -163.8225 
 123   2.0000      -6.020363      -163.8224 
 124   2.0000      -6.020363      -163.8224 
 125   2.0000      -5.975548      -162.6029 
 126   2.0000      -4.164277      -113.3157 
 127   2.0000      -4.164276      -113.3157 
 128   2.0000      -4.164276      -113.3157 
 129   2.0000      -4.163772      -113.3020 
 130   2.0000      -4.163772      -113.3020 
 131   2.0000      -4.163771      -113.3020 
 132   2.0000      -4.163344      -113.2903 
 133   2.0000      -4.163311      -113.2894 
 134   2.0000      -4.163311      -113.2894 
 135   2.0000      -4.127787      -112.3228 
 136   2.0000      -4.127735      -112.3214 
 137   2.0000      -4.127735      -112.3214 
 138   2.0000      -4.125293      -112.2549 
 139   2.0000      -4.125293      -112.2549 
 140   2.0000      -4.125260      -112.2540 
 141   2.0000      -4.125036      -112.2479 
 142   2.0000      -4.125021      -112.2475 
 143   2.0000      -4.125021      -112.2475 
 144   2.0000      -4.121803      -112.1600 
 145   2.0000      -4.121802      -112.1599 
 146   2.0000      -4.121802      -112.1599 
 147   2.0000      -4.121791      -112.1596 
 148   2.0000      -4.121791      -112.1596 
 149   2.0000      -4.121790      -112.1596 
 150   2.0000      -4.120967      -112.1372 
 151   2.0000      -4.120964      -112.1371 
 152   2.0000      -4.120964      -112.1371 
 153   2.0000      -4.120953      -112.1368 
 154   2.0000      -4.120953      -112.1368 
 155   2.0000      -4.120951      -112.1368 
 156   2.0000      -4.119921      -112.1088 
 157   2.0000      -4.119918      -112.1087 
 158   2.0000      -4.119918      -112.1087 
 159   2.0000      -4.119906      -112.1083 
 160   2.0000      -4.119906      -112.1083 
 161   2.0000      -4.119904      -112.1083 
 162   2.0000      -4.106723      -111.7496 
 163   2.0000      -4.106723      -111.7496 
 164   2.0000      -4.106723      -111.7496 
 165   2.0000      -4.106323      -111.7387 
 166   2.0000      -4.106322      -111.7387 
 167   2.0000      -4.106322      -111.7387 
 168   2.0000      -4.105463      -111.7153 
 169   2.0000      -4.105463      -111.7153 
 170   2.0000      -4.105463      -111.7153 
 171   2.0000      -4.062365      -110.5426 
 172   2.0000      -4.061123      -110.5088 
 173   2.0000      -4.061123      -110.5088 
 174   2.0000      -3.345298       -91.0302 
 175   2.0000      -2.198725       -59.8304 
 176   2.0000      -2.198725       -59.8304 
 177   2.0000      -2.179093       -59.2961 
 178   2.0000      -1.547929       -42.1213 
 179   2.0000      -1.537271       -41.8313 
 180   2.0000      -1.531745       -41.6809 
 181   2.0000      -1.531745       -41.6809 
 182   2.0000      -1.493035       -40.6276 
 183   2.0000      -1.492390       -40.6100 
 184   2.0000      -1.492390       -40.6100 
 185   2.0000      -1.487014       -40.4637 
 186   2.0000      -1.486070       -40.4380 
 187   2.0000      -1.486070       -40.4380 
 188   2.0000      -1.482554       -40.3423 
 189   2.0000      -1.482554       -40.3423 
 190   2.0000      -1.480831       -40.2955 
 191   2.0000      -1.459744       -39.7216 
 192   2.0000      -1.453152       -39.5423 
 193   2.0000      -1.453152       -39.5423 
 194   2.0000      -1.069606       -29.1055 
 195   2.0000      -1.069606       -29.1055 
 196   2.0000      -1.065624       -28.9971 
 197   2.0000      -1.063897       -28.9501 
 198   2.0000      -1.063897       -28.9501 
 199   2.0000      -1.063410       -28.9368 
 200   2.0000      -1.061371       -28.8814 
 201   2.0000      -1.061371       -28.8814 
 202   2.0000      -1.055206       -28.7136 
 203   2.0000      -1.050033       -28.5729 
 204   2.0000      -1.050033       -28.5729 
 205   2.0000      -1.048919       -28.5425 
 206   2.0000      -1.048919       -28.5425 
 207   2.0000      -1.048494       -28.5310 
 208   2.0000      -1.047526       -28.5046 
 209   2.0000      -1.029006       -28.0007 
 210   2.0000      -1.028004       -27.9734 
 211   2.0000      -1.028004       -27.9734 
 212   2.0000      -1.026869       -27.9425 
 213   2.0000      -1.026868       -27.9425 
 214   2.0000      -1.026177       -27.9237 
 215   2.0000      -1.025817       -27.9139 
 216   2.0000      -1.025817       -27.9139 
 217   2.0000      -1.025512       -27.9056 
 218   2.0000      -1.025380       -27.9020 
 219   2.0000      -1.025380       -27.9020 
 220   2.0000      -1.024378       -27.8748 
 221   2.0000      -1.023235       -27.8437 
 222   2.0000      -1.022485       -27.8232 
 223   2.0000      -1.022485       -27.8232 
 224   2.0000      -1.022290       -27.8179 
 225   2.0000      -1.020116       -27.7588 
 226   2.0000      -1.020116       -27.7588 
 227   2.0000      -1.019985       -27.7552 
 228   2.0000      -1.018532       -27.7157 
 229   2.0000      -1.018532       -27.7157 
 230   2.0000      -1.017927       -27.6992 
 231   2.0000      -1.017034       -27.6749 
 232   2.0000      -1.017034       -27.6749 
 233   2.0000      -1.015663       -27.6376 
 234   2.0000      -1.015504       -27.6333 
 235   2.0000      -1.015504       -27.6333 
 236   2.0000      -1.013787       -27.5865 
 237   2.0000      -1.013331       -27.5741 
 238   2.0000      -1.013331       -27.5741 
 239   2.0000      -1.012803       -27.5598 
 240   2.0000      -1.012803       -27.5598 
 241   2.0000      -1.012658       -27.5558 
 242   2.0000      -1.011636       -27.5280 
 243   2.0000      -1.010956       -27.5095 
 244   2.0000      -1.010956       -27.5095 
 245   2.0000      -1.010177       -27.4883 
 246   2.0000      -1.010177       -27.4883 
 247   2.0000      -1.008861       -27.4525 
 248   2.0000      -1.008861       -27.4525 
 249   2.0000      -1.008685       -27.4477 
 250   2.0000      -1.007868       -27.4255 
 251   2.0000      -1.007355       -27.4115 
 252   2.0000      -1.007354       -27.4115 
 253   2.0000      -1.006866       -27.3982 
 254   2.0000      -1.006250       -27.3815 
 255   2.0000      -1.006250       -27.3815 
 256   2.0000      -1.005517       -27.3615 
 257   2.0000      -1.003879       -27.3169 
 258   2.0000      -1.002691       -27.2846 
 259   2.0000      -1.002691       -27.2846 
 260   2.0000      -0.996522       -27.1167 
 261   2.0000      -0.996522       -27.1167 
 262   2.0000      -0.993663       -27.0390 
 263   2.0000      -0.992408       -27.0048 
 264   2.0000      -0.992408       -27.0048 
 265   2.0000      -0.992398       -27.0045 
 266   2.0000      -0.991796       -26.9881 
 267   2.0000      -0.991780       -26.9877 
 268   2.0000      -0.991780       -26.9877 
 269   2.0000      -0.966308       -26.2946 
 270   2.0000      -0.958321       -26.0772 
 271   2.0000      -0.958321       -26.0772 
 272   2.0000      -0.950665       -25.8689 
 273   2.0000      -0.950665       -25.8689 
 274   2.0000      -0.897660       -24.4266 
 275   2.0000      -0.897660       -24.4266 
 276   2.0000      -0.889521       -24.2051 
 277   2.0000      -0.863837       -23.5062 
 278   2.0000      -0.863837       -23.5062 
 279   2.0000      -0.861202       -23.4345 
 280   2.0000      -0.861202       -23.4345 
 281   2.0000      -0.859048       -23.3759 
 282   2.0000      -0.850338       -23.1389 
 283   2.0000      -0.844353       -22.9760 
 284   2.0000      -0.843958       -22.9653 
 285   2.0000      -0.843958       -22.9653 
 286   2.0000      -0.839164       -22.8348 
 287   2.0000      -0.829766       -22.5791 
 288   2.0000      -0.829766       -22.5791 
 289   2.0000      -0.816280       -22.2121 
 290   2.0000      -0.816279       -22.2121 
 291   2.0000      -0.815267       -22.1845 
 292   2.0000      -0.813763       -22.1436 
 293   2.0000      -0.813763       -22.1436 
 294   2.0000      -0.813167       -22.1274 
 295   2.0000      -0.806341       -21.9417 
 296   2.0000      -0.805257       -21.9122 
 297   2.0000      -0.805257       -21.9122 
 298   2.0000      -0.797046       -21.6887 
 299   2.0000      -0.793783       -21.5999 
 300   2.0000      -0.793783       -21.5999 
 301   2.0000      -0.789551       -21.4848 
 302   2.0000      -0.782564       -21.2947 
 303   2.0000      -0.778052       -21.1719 
 304   2.0000      -0.778052       -21.1719 
 305   2.0000      -0.775850       -21.1119 
 306   2.0000      -0.770989       -20.9797 
 307   2.0000      -0.770989       -20.9797 
 308   2.0000      -0.770007       -20.9529 
 309   2.0000      -0.766936       -20.8694 
 310   2.0000      -0.766558       -20.8591 
 311   2.0000      -0.766558       -20.8591 
 312   2.0000      -0.761692       -20.7267 
 313   2.0000      -0.761692       -20.7267 
 314   2.0000      -0.754146       -20.5214 
 315   2.0000      -0.754146       -20.5214 
 316   2.0000      -0.749906       -20.4060 
 317   2.0000      -0.749906       -20.4060 
 318   2.0000      -0.748408       -20.3652 
 319   2.0000      -0.746805       -20.3216 
 320   2.0000      -0.742533       -20.2054 
 321   2.0000      -0.740158       -20.1407 
 322   2.0000      -0.737850       -20.0779 
 323   2.0000      -0.737850       -20.0779 
 324   2.0000      -0.726083       -19.7577 
 325   2.0000      -0.726083       -19.7577 
 326   2.0000      -0.722856       -19.6699 
 327   2.0000      -0.718901       -19.5623 
 328   2.0000      -0.718901       -19.5623 
 329   2.0000      -0.717716       -19.5300 
 330   2.0000      -0.712809       -19.3965 
 331   2.0000      -0.712667       -19.3927 
 332   2.0000      -0.712667       -19.3927 
 333   2.0000      -0.697786       -18.9877 
 334   2.0000      -0.697786       -18.9877 
 335   2.0000      -0.695735       -18.9319 
 336   2.0000      -0.695735       -18.9319 
 337   2.0000      -0.690888       -18.8000 
 338   2.0000      -0.675799       -18.3894 
 339   2.0000      -0.673161       -18.3176 
 340   2.0000      -0.673161       -18.3176 
 341   1.5601      -0.529258       -14.4018 
 342   0.9713      -0.393116       -10.6972 
 343   0.9713      -0.393113       -10.6972 
 344   0.3610      -0.241592        -6.5740 
 345   0.0638      -0.143583        -3.9071 
 346   0.0638      -0.143568        -3.9067 
 347   0.0087       0.163960         4.4616 
 348   0.0000      -0.150258        -4.0887 
 349   0.0000      -0.126969        -3.4550 
 350   0.0000      -0.124553        -3.3893 
 351   0.0000      -0.124552        -3.3892 
 352   0.0000      -0.100561        -2.7364 
 353   0.0000      -0.094714        -2.5773 
 354   0.0000      -0.094714        -2.5773 
 355   0.0000      -0.083996        -2.2856 
 356   0.0000      -0.081798        -2.2258 
 357   0.0000      -0.081798        -2.2258 
 358   0.0000      -0.074602        -2.0300 
 359   0.0000      -0.074601        -2.0300 
 360   0.0000      -0.072728        -1.9790 
 361   0.0000      -0.066426        -1.8075 
 362   0.0000      -0.062283        -1.6948 
 363   0.0000      -0.062283        -1.6948 
 364   0.0000      -0.057599        -1.5673 
 365   0.0000      -0.055630        -1.5138 
 366   0.0000      -0.055630        -1.5138 
 367   0.0000      -0.048755        -1.3267 
 368   0.0000      -0.047366        -1.2889 
 369   0.0000      -0.047366        -1.2889 
 370   0.0000      -0.042399        -1.1537 
 371   0.0000      -0.042399        -1.1537 
 372   0.0000      -0.035933        -0.9778 
 373   0.0000      -0.035933        -0.9778 
 374   0.0000      -0.032111        -0.8738 
 375   0.0000      -0.028800        -0.7837 
 376   0.0000      -0.028800        -0.7837 
 377   0.0000      -0.021371        -0.5815 
 378   0.0000      -0.021371        -0.5815 
 379   0.0000      -0.019332        -0.5261 
 380   0.0000      -0.019322        -0.5258 
 381   0.0000      -0.019322        -0.5258 
 382   0.0000      -0.015664        -0.4262 
 383   0.0000      -0.007312        -0.1990 
 384   0.0000      -0.007312        -0.1990 
 385   0.0000      -0.005786        -0.1575 
 386   0.0000       0.003377         0.0919 
 387   0.0000       0.003378         0.0919 
 388   0.0000       0.007441         0.2025 
 389   0.0000       0.013858         0.3771 
 390   0.0000       0.017384         0.4730 
 391   0.0000       0.017384         0.4730 
 392   0.0000       0.019763         0.5378 
 393   0.0000       0.019763         0.5378 
 394   0.0000       0.021961         0.5976 
 395   0.0000       0.025104         0.6831 
 396   0.0000       0.025104         0.6831 
 397   0.0000       0.028749         0.7823 
 398   0.0000       0.030438         0.8283 
 399   0.0000       0.043618         1.1869 
 400   0.0000       0.043618         1.1869 
 401   0.0000       0.044990         1.2243 
 402   0.0000       0.044990         1.2243 
 403   0.0000       0.047056         1.2805 
 404   0.0000       0.049771         1.3543 
 405   0.0000       0.050037         1.3616 
 406   0.0000       0.050037         1.3616 
 407   0.0000       0.060864         1.6562 
 408   0.0000       0.062052         1.6885 
 409   0.0000       0.066493         1.8094 
 410   0.0000       0.066494         1.8094 
 411   0.0000       0.067042         1.8243 
 412   0.0000       0.070750         1.9252 
 413   0.0000       0.070750         1.9252 
 414   0.0000       0.078125         2.1259 
 415   0.0000       0.078332         2.1315 
 416   0.0000       0.084348         2.2952 
 417   0.0000       0.084348         2.2952 
 418   0.0000       0.088985         2.4214 
 419   0.0000       0.088985         2.4214 
 420   0.0000       0.089216         2.4277 
 421   0.0000       0.095134         2.5887 
 422   0.0000       0.095134         2.5887 
 423   0.0000       0.095838         2.6079 
 424   0.0000       0.103767         2.8237 
 425   0.0000       0.103767         2.8237 
 426   0.0000       0.104331         2.8390 
 427   0.0000       0.111173         3.0252 
 428   0.0000       0.112043         3.0488 
 429   0.0000       0.112044         3.0489 
 430   0.0000       0.118073         3.2129 
 431   0.0000       0.118073         3.2129 
 432   0.0000       0.130697         3.5564 
 433   0.0000       0.135994         3.7006 
 434   0.0000       0.135994         3.7006 
 435   0.0000       0.137948         3.7538 
 436   0.0000       0.141822         3.8592 
 437   0.0000       0.141822         3.8592 
 438   0.0000       0.143017         3.8917 
 439   0.0000       0.152389         4.1467 
 440   0.0000       0.156072         4.2469 
 441   0.0000       0.156072         4.2469 
 442   0.0000       0.160096         4.3564 
 443   0.0000       0.160228         4.3600 
 444   0.0000       0.160228         4.3600 
 445   0.0000       0.165543         4.5046 
 446   0.0000       0.165543         4.5046 
 447   0.0000       0.170305         4.6342 
 448   0.0000       0.172398         4.6912 
 449   0.0000       0.176276         4.7967 
 450   0.0000       0.181310         4.9337 
 451   0.0000       0.181310         4.9337 
 452   0.0000       0.186066         5.0631 
 453   0.0000       0.186066         5.0631 
 454   0.0000       0.189487         5.1562 
 455   0.0000       0.196433         5.3452 
 456   0.0000       0.197856         5.3839 
 457   0.0000       0.197856         5.3839 
 458   0.0000       0.201229         5.4757 
 459   0.0000       0.202832         5.5193 
 460   0.0000       0.202832         5.5193 
 461   0.0000       0.203016         5.5244 
 462   0.0000       0.211286         5.7494 
 463   0.0000       0.211286         5.7494 
 464   0.0000       0.221011         6.0140 
 465   0.0000       0.222606         6.0574 
 466   0.0000       0.222606         6.0574 
 467   0.0000       0.228007         6.2044 
 468   0.0000       0.228007         6.2044 
 469   0.0000       0.228373         6.2143 
 470   0.0000       0.235388         6.4052 
 471   0.0000       0.235476         6.4076 
 472   0.0000       0.235476         6.4076 
 473   0.0000       0.239002         6.5036 
 474   0.0000       0.239002         6.5036 
 475   0.0000       0.240869         6.5544 
 476   0.0000       0.247092         6.7237 
 477   0.0000       0.247092         6.7237 
 478   0.0000       0.251513         6.8440 
 479   0.0000       0.258047         7.0218 
 480   0.0000       0.258047         7.0218 
 481   0.0000       0.261587         7.1181 
 482   0.0000       0.261587         7.1181 
 483   0.0000       0.268643         7.3101 
 484   0.0000       0.273902         7.4533 
 485   0.0000       0.275150         7.4872 
 486   0.0000       0.275150         7.4872 
 487   0.0000       0.277450         7.5498 
 488   0.0000       0.281096         7.6490 
 489   0.0000       0.281096         7.6490 
 490   0.0000       0.288649         7.8545 
 491   0.0000       0.297070         8.0837 
 492   0.0000       0.297070         8.0837 
 493   0.0000       0.301765         8.2114 
 494   0.0000       0.301765         8.2114 
 495   0.0000       0.304809         8.2943 
 496   0.0000       0.306499         8.3403 
 497   0.0000       0.312410         8.5011 
 498   0.0000       0.312410         8.5011 
 499   0.0000       0.316433         8.6106 
 500   0.0000       0.322074         8.7641 
 501   0.0000       0.322074         8.7641 
 502   0.0000       0.329183         8.9575 
 503   0.0000       0.330525         8.9940 
 504   0.0000       0.330525         8.9941 
 505   0.0000       0.337720         9.1898 
 506   0.0000       0.337720         9.1898 
 507   0.0000       0.343354         9.3431 
 508   0.0000       0.346346         9.4246 
 509   0.0000       0.348669         9.4878 
 510   0.0000       0.351393         9.5619 
 511   0.0000       0.351393         9.5619 
 512   0.0000       0.351630         9.5683 
 513   0.0000       0.351631         9.5684 
 514   0.0000       0.363329         9.8867 
 515   0.0000       0.363329         9.8867 
 516   0.0000       0.364225         9.9111 
 517   0.0000       0.370226        10.0744 
 518   0.0000       0.370226        10.0744 
 519   0.0000       0.370335        10.0773 
 520   0.0000       0.371855        10.1187 
 521   0.0000       0.376350        10.2410 
 522   0.0000       0.376350        10.2410 
 523   0.0000       0.381843        10.3905 
 524   0.0000       0.388873        10.5818 
 525   0.0000       0.388873        10.5818 
 526   0.0000       0.389874        10.6090 
 527   0.0000       0.389874        10.6090 
 528   0.0000       0.391501        10.6533 
 529   0.0000       0.395519        10.7626 
 530   0.0000       0.405747        11.0409 
 531   0.0000       0.408014        11.1026 
 532   0.0000       0.414251        11.2723 
 533   0.0000       0.414251        11.2723 
 534   0.0000       0.425008        11.5651 
 535   0.0000       0.425008        11.5651 
 536   0.0000       0.426202        11.5975 
 537   0.0000       0.430079        11.7030 
 538   0.0000       0.430079        11.7030 
 539   0.0000       0.430427        11.7125 
 540   0.0000       0.431176        11.7329 
 541   0.0000       0.440848        11.9961 
 542   0.0000       0.440848        11.9961 
 543   0.0000       0.450471        12.2580 
 544   0.0000       0.450471        12.2579 
 545   0.0000       0.457943        12.4613 
 546   0.0000       0.462632        12.5889 
 547   0.0000       0.462632        12.5889 
 548   0.0000       0.464233        12.6324 
 549   0.0000       0.464832        12.6487 
 550   0.0000       0.466957        12.7065 
 551   0.0000       0.466957        12.7065 
 552   0.0000       0.469828        12.7847 
 553   0.0000       0.469828        12.7847 
 554   0.0000       0.480242        13.0680 
 555   0.0000       0.485953        13.2235 
 556   0.0000       0.488612        13.2958 
 557   0.0000       0.488612        13.2958 
 558   0.0000       0.492600        13.4043 
 559   0.0000       0.496942        13.5225 
 560   0.0000       0.496942        13.5225 
 561   0.0000       0.503141        13.6912 
 562   0.0000       0.503141        13.6912 
 563   0.0000       0.518463        14.1081 
 564   0.0000       0.520266        14.1572 
 565   0.0000       0.520431        14.1616 
 566   0.0000       0.520431        14.1616 
 567   0.0000       0.521206        14.1827 
 568   0.0000       0.537798        14.6342 
 569   0.0000       0.537798        14.6342 
 570   0.0000       0.541969        14.7477 
 571   0.0000       0.544467        14.8157 
 572   0.0000       0.544467        14.8157 
 573   0.0000       0.554667        15.0933 
 574   0.0000       0.554778        15.0963 
 575   0.0000       0.556744        15.1498 
 576   0.0000       0.556745        15.1498 
 577   0.0000       0.561565        15.2810 
 578   0.0000       0.561565        15.2810 
 579   0.0000       0.564018        15.3477 
 580   0.0000       0.564018        15.3477 
 581   0.0000       0.573951        15.6180 
 582   0.0000       0.577610        15.7176 
 583   0.0000       0.578952        15.7541 
 584   0.0000       0.578952        15.7541 
 585   0.0000       0.588883        16.0243 
 586   0.0000       0.588884        16.0243 
 587   0.0000       0.601855        16.3773 
 588   0.0000       0.601855        16.3773 
 589   0.0000       0.606185        16.4951 
 590   0.0000       0.624933        17.0053 
 591   0.0000       0.625627        17.0242 
 592   0.0000       0.625627        17.0242 
 593   0.0000       0.633506        17.2386 
 594   0.0000       0.635285        17.2870 
 595   0.0000       0.635285        17.2870 
 596   0.0000       0.653451        17.7813 
 597   0.0000       0.653451        17.7813 
 598   0.0000       0.654454        17.8086 
 599   0.0000       0.658101        17.9078 
 600   0.0000       0.663976        18.0677 
 601   0.0000       0.674944        18.3661 
 602   0.0000       0.674944        18.3662 
 603   0.0000       0.676470        18.4077 
 604   0.0000       0.678532        18.4638 
 605   0.0000       0.678532        18.4638 
 606   0.0000       0.678946        18.4751 
 607   0.0000       0.687354        18.7039 
 608   0.0000       0.687354        18.7039 
 609   0.0000       0.692653        18.8481 
 610   0.0000       0.693431        18.8692 
 611   0.0000       0.693431        18.8692 
 612   0.0000       0.703850        19.1527 
 613   0.0000       0.703851        19.1528 
 614   0.0000       0.710764        19.3409 
 615   0.0000       0.716164        19.4878 
 616   0.0000       0.716164        19.4878 
 617   0.0000       0.726127        19.7589 
 618   0.0000       0.729276        19.8446 
 619   0.0000       0.737646        20.0724 
 620   0.0000       0.737646        20.0724 
 621   0.0000       0.739806        20.1312 
 622   0.0000       0.739807        20.1312 
 623   0.0000       0.751970        20.4621 
 624   0.0000       0.754058        20.5190 
 625   0.0000       0.754058        20.5190 
 626   0.0000       0.764205        20.7951 
 627   0.0000       0.779100        21.2004 
 628   0.0000       0.779100        21.2004 
 629   0.0000       0.780198        21.2303 
 630   0.0000       0.780198        21.2303 
 631   0.0000       0.782352        21.2889 
 632   0.0000       0.783830        21.3291 
 633   0.0000       0.785519        21.3751 
 634   0.0000       0.785519        21.3751 
 635   0.0000       0.799803        21.7637 
 636   0.0000       0.799803        21.7637 
 637   0.0000       0.808319        21.9955 
 638   0.0000       0.810445        22.0533 
 639   0.0000       0.811843        22.0914 
 640   0.0000       0.819483        22.2993 
 641   0.0000       0.820461        22.3259 
 642   0.0000       0.820461        22.3259 
 643   0.0000       0.823941        22.4206 
 644   0.0000       0.823941        22.4206 
 645   0.0000       0.834537        22.7089 
 646   0.0000       0.834537        22.7089 
 647   0.0000       0.836856        22.7720 
 648   0.0000       0.838392        22.8138 
 649   0.0000       0.852809        23.2061 
 650   0.0000       0.852809        23.2061 
 651   0.0000       0.856432        23.3047 
 652   0.0000       0.873176        23.7603 
 653   0.0000       0.873176        23.7603 
 654   0.0000       0.875008        23.8102 
 655   0.0000       0.883365        24.0376 
 656   0.0000       0.883366        24.0376 
 657   0.0000       0.883633        24.0449 
 658   0.0000       0.904884        24.6232 
 659   0.0000       0.920097        25.0371 
 660   0.0000       0.920097        25.0371 
 661   0.0000       0.924431        25.1550 
 662   0.0000       0.924431        25.1550 
 663   0.0000       0.929266        25.2866 
 664   0.0000       0.955365        25.9968 
 665   0.0000       0.955365        25.9968 
 666   0.0000       0.965001        26.2590 
 667   0.0000       0.973211        26.4824 
 668   0.0000       0.973211        26.4824 
 669   0.0000       0.992552        27.0087 
 670   0.0000       0.992553        27.0087 
 671   0.0000       1.007314        27.4104 
 672   0.0000       1.014148        27.5964 
 673   0.0000       1.042945        28.3800 
 674   0.0000       1.044415        28.4200 
 675   0.0000       1.044415        28.4200 
 676   0.0000       1.078602        29.3503 
 677   0.0000       1.109236        30.1839 
 678   0.0000       1.109236        30.1839 
 679   0.0000       1.122037        30.5322 
 680   0.0000       1.128137        30.6982 
 681   0.0000       1.128695        30.7134 
 682   0.0000       1.128695        30.7134 
 683   0.0000       1.160723        31.5849 
 684   0.0000       1.160723        31.5849 
 685   0.0000       1.197585        32.5879 
 686   0.0000       1.197585        32.5879 
 687   0.0000       1.204489        32.7758 
 688   0.0000       1.212798        33.0019 
 689   0.0000       1.223796        33.3012 
 690   0.0000       1.223796        33.3012 
 691   0.0000       1.243226        33.8299 
 692   0.0000       1.246742        33.9256 
 693   0.0000       1.246742        33.9256 
 694   0.0000       1.247140        33.9364 
 695   0.0000       1.250520        34.0284 
 696   0.0000       1.251566        34.0569 
 697   0.0000       1.251566        34.0569 
 698   0.0000       1.260545        34.3012 
 699   0.0000       1.260545        34.3012 
 700   0.0000       1.268338        34.5132 
 701   0.0000       1.268338        34.5132 
 702   0.0000       1.277708        34.7682 
 703   0.0000       1.287421        35.0325 
 704   0.0000       1.287421        35.0325 
 705   0.0000       1.289731        35.0954 
 706   0.0000       1.292582        35.1729 
 707   0.0000       1.292582        35.1729 
 708   0.0000       1.295561        35.2540 
 709   0.0000       1.305118        35.5141 
 710   0.0000       1.305118        35.5141 
 711   0.0000       1.311702        35.6932 
 712   0.0000       1.313687        35.7472 
 713   0.0000       1.313687        35.7472 
 714   0.0000       1.319365        35.9017 
 715   0.0000       1.319365        35.9017 
 716   0.0000       1.324037        36.0289 
 717   0.0000       1.328024        36.1374 
 718   0.0000       1.328024        36.1374 
 719   0.0000       1.332732        36.2655 
 720   0.0000       1.334726        36.3197 
 721   0.0000       1.334726        36.3197 
 722   0.0000       1.335310        36.3356 
 723   0.0000       1.337626        36.3987 
 724   0.0000       1.346809        36.6485 
 725   0.0000       1.346809        36.6485 
 726   0.0000       1.352567        36.8052 
 727   0.0000       1.352567        36.8052 
 728   0.0000       1.354465        36.8569 
 729   0.0000       1.366950        37.1966 
 730   0.0000       1.366950        37.1966 
 731   0.0000       1.368823        37.2476 
 732   0.0000       1.372661        37.3520 
 733   0.0000       1.372661        37.3520 
 734   0.0000       1.376700        37.4619 
 735   0.0000       1.380397        37.5625 
 736   0.0000       1.385311        37.6962 
 737   0.0000       1.385311        37.6962 
 738   0.0000       1.400788        38.1174 
 739   0.0000       1.400788        38.1174 
 740   0.0000       1.400810        38.1180 
 741   0.0000       1.410465        38.3807 
 742   0.0000       1.410465        38.3807 
 743   0.0000       1.415865        38.5277 
 744   0.0000       1.428138        38.8616 
 745   0.0000       1.438988        39.1569 
 746   0.0000       1.438988        39.1569 
 747   0.0000       1.443884        39.2901 
 748   0.0000       1.444598        39.3095 
 749   0.0000       1.455529        39.6070 
 750   0.0000       1.455529        39.6070 
 751   0.0000       1.463230        39.8165 
 752   0.0000       1.470496        40.0142 
 753   0.0000       1.470496        40.0142 
 754   0.0000       1.476772        40.1850 
 755   0.0000       1.476772        40.1850 
 756   0.0000       1.479583        40.2615 
 757   0.0000       1.481180        40.3050 
 758   0.0000       1.481180        40.3050 
 759   0.0000       1.497708        40.7547 
 760   0.0000       1.501433        40.8561 
 761   0.0000       1.515224        41.2313 
 762   0.0000       1.515224        41.2313 
 763   0.0000       1.528943        41.6047 
 764   0.0000       1.528943        41.6047 
 765   0.0000       1.533276        41.7226 
 766   0.0000       1.538465        41.8638 
 767   0.0000       1.551278        42.2124 
 768   0.0000       1.559635        42.4398 
 769   0.0000       1.559636        42.4398 
 770   0.0000       1.566163        42.6175 
 771   0.0000       1.568782        42.6887 
 772   0.0000       1.568782        42.6887 
 773   0.0000       1.571537        42.7637 
 774   0.0000       1.571537        42.7637 
 775   0.0000       1.576823        42.9075 
 776   0.0000       1.586447        43.1694 
 777   0.0000       1.591607        43.3098 
 778   0.0000       1.591607        43.3098 
 779   0.0000       1.601330        43.5744 
 780   0.0000       1.601330        43.5744 
 781   0.0000       1.618477        44.0410 
 782   0.0000       1.619793        44.0768 
 783   0.0000       1.619793        44.0768 
 784   0.0000       1.622316        44.1455 
 785   0.0000       1.622316        44.1455 
 786   0.0000       1.628110        44.3031 
 787   0.0000       1.635959        44.5167 
 788   0.0000       1.635959        44.5167 
 789   0.0000       1.638968        44.5986 
 790   0.0000       1.638968        44.5986 
 791   0.0000       1.644125        44.7389 
 792   0.0000       1.648869        44.8680 
 793   0.0000       1.657411        45.1004 
 794   0.0000       1.657411        45.1004 
 795   0.0000       1.679173        45.6926 
 796   0.0000       1.679173        45.6926 
 797   0.0000       1.682364        45.7795 
 798   0.0000       1.683227        45.8029 
 799   0.0000       1.683227        45.8029 
 800   0.0000       1.699887        46.2563 
 801   0.0000       1.699887        46.2563 
 802   0.0000       1.704929        46.3935 
 803   0.0000       1.714417        46.6517 
 804   0.0000       1.714809        46.6623 
 805   0.0000       1.720904        46.8282 
 806   0.0000       1.729769        47.0694 
 807   0.0000       1.729769        47.0694 
 808   0.0000       1.729988        47.0754 
 809   0.0000       1.736493        47.2524 
 810   0.0000       1.736493        47.2524 
 811   0.0000       1.743128        47.4329 
 812   0.0000       1.744204        47.4622 
 813   0.0000       1.744204        47.4622 
 814   0.0000       1.751226        47.6533 
 815   0.0000       1.751226        47.6533 
 816   0.0000       1.752393        47.6850 
 817   0.0000       1.774686        48.2917 
 818   0.0000       1.774686        48.2917 
 819   0.0000       1.775529        48.3146 
 820   0.0000       1.784635        48.5624 
 821   0.0000       1.789973        48.7076 
 822   0.0000       1.789973        48.7076 
 823   0.0000       1.791819        48.7579 
 824   0.0000       1.791819        48.7579 
 825   0.0000       1.797948        48.9246 
 826   0.0000       1.798075        48.9281 
 827   0.0000       1.798075        48.9281 
 828   0.0000       1.805707        49.1358 
 829   0.0000       1.805707        49.1358 
 830   0.0000       1.814761        49.3822 
 831   0.0000       1.817983        49.4698 
 832   0.0000       1.817983        49.4698 
 833   0.0000       1.829816        49.7918 
 834   0.0000       1.837227        49.9935 
 835   0.0000       1.837227        49.9935 
 836   0.0000       1.837705        50.0065 
 837   0.0000       1.846785        50.2536 
 838   0.0000       1.855735        50.4971 
 839   0.0000       1.855735        50.4971 
 840   0.0000       1.863504        50.7085 
 841   0.0000       1.864340        50.7313 
 842   0.0000       1.864340        50.7313 
 843   0.0000       1.868157        50.8351 
 844   0.0000       1.868157        50.8351 
 845   0.0000       1.882500        51.2254 
 846   0.0000       1.882500        51.2254 
 847   0.0000       1.885630        51.3106 
 848   0.0000       1.888731        51.3950 
 849   0.0000       1.893579        51.5269 
 850   0.0000       1.893579        51.5269 
 851   0.0000       1.911446        52.0131 
 852   0.0000       1.919232        52.2250 
 853   0.0000       1.927845        52.4593 
 854   0.0000       1.927845        52.4593 
 855   0.0000       1.929386        52.5013 
 856   0.0000       1.952586        53.1326 
 857   0.0000       1.952586        53.1326 
 858   0.0000       1.961744        53.3818 
 859   0.0000       1.961744        53.3818 
 860   0.0000       1.969461        53.5917 
 861   0.0000       1.971074        53.6357 
 862   0.0000       1.980297        53.8866 
 863   0.0000       1.980297        53.8866 
 864   0.0000       1.981562        53.9211 
 865   0.0000       1.990734        54.1706 
 866   0.0000       1.990734        54.1706 
 867   0.0000       2.004200        54.5371 
 868   0.0000       2.020715        54.9864 
 869   0.0000       2.020715        54.9864 
 870   0.0000       2.025915        55.1279 
 871   0.0000       2.033908        55.3455 
 872   0.0000       2.033908        55.3455 
 873   0.0000       2.044086        55.6224 
 874   0.0000       2.046094        55.6770 
 875   0.0000       2.046094        55.6770 
 876   0.0000       2.049303        55.7644 
 877   0.0000       2.054509        55.9060 
 878   0.0000       2.054509        55.9060 
 879   0.0000       2.068133        56.2768 
 880   0.0000       2.073648        56.4268 
 881   0.0000       2.073648        56.4268 
 882   0.0000       2.080050        56.6010 
 883   0.0000       2.092419        56.9376 
 884   0.0000       2.092419        56.9376 
 885   0.0000       2.097103        57.0651 
 886   0.0000       2.098847        57.1125 
 887   0.0000       2.098847        57.1125 
 888   0.0000       2.100743        57.1641 
 889   0.0000       2.111892        57.4675 
 890   0.0000       2.111892        57.4675 
 891   0.0000       2.121922        57.7404 
 892   0.0000       2.121922        57.7404 
 893   0.0000       2.125665        57.8423 
 894   0.0000       2.145316        58.3770 
 895   0.0000       2.156346        58.6772 
 896   0.0000       2.156346        58.6772 
 897   0.0000       2.157910        58.7197 
 898   0.0000       2.166796        58.9615 
 899   0.0000       2.172783        59.1244 
 900   0.0000       2.173939        59.1559 
 901   0.0000       2.173939        59.1559 
 902   0.0000       2.185988        59.4838 
 903   0.0000       2.185988        59.4838 
 904   0.0000       2.192141        59.6512 
 905   0.0000       2.192141        59.6512 
 906   0.0000       2.198155        59.8148 
 907   0.0000       2.211383        60.1748 
 908   0.0000       2.211383        60.1748 
 909   0.0000       2.223770        60.5119 
 910   0.0000       2.223955        60.5169 
 911   0.0000       2.223956        60.5169 
 912   0.0000       2.227820        60.6221 
 913   0.0000       2.240523        60.9677 
 914   0.0000       2.240523        60.9677 
 915   0.0000       2.244242        61.0689 
 916   0.0000       2.244242        61.0689 
 917   0.0000       2.244746        61.0826 
 918   0.0000       2.246553        61.1318 
 919   0.0000       2.259277        61.4781 
 920   0.0000       2.264275        61.6141 
 921   0.0000       2.264275        61.6141 
 922   0.0000       2.276380        61.9434 
 923   0.0000       2.288948        62.2854 
 924   0.0000       2.288948        62.2854 
 925   0.0000       2.311522        62.8997 
 926   0.0000       2.317308        63.0572 
 927   0.0000       2.317308        63.0572 
 928   0.0000       2.318178        63.0808 
 929   0.0000       2.325346        63.2759 
 930   0.0000       2.326233        63.3000 
 931   0.0000       2.326233        63.3000 
 932   0.0000       2.332543        63.4717 
 933   0.0000       2.336877        63.5896 
 934   0.0000       2.336877        63.5896 
 935   0.0000       2.340336        63.6838 
 936   0.0000       2.340336        63.6838 
 937   0.0000       2.342078        63.7312 
 938   0.0000       2.352189        64.0063 
 939   0.0000       2.352190        64.0063 
 940   0.0000       2.365317        64.3636 
 941   0.0000       2.365318        64.3636 
 942   0.0000       2.372081        64.5476 
 943   0.0000       2.382766        64.8384 
 944   0.0000       2.382766        64.8384 
 945   0.0000       2.393629        65.1340 
 946   0.0000       2.393629        65.1340 
 947   0.0000       2.400577        65.3230 
 948   0.0000       2.408371        65.5351 
 949   0.0000       2.410196        65.5848 
 950   0.0000       2.410196        65.5848 
 951   0.0000       2.434635        66.2498 
 952   0.0000       2.434635        66.2498 
 953   0.0000       2.435037        66.2607 
 954   0.0000       2.437065        66.3159 
 955   0.0000       2.445089        66.5343 
 956   0.0000       2.445089        66.5343 
 957   0.0000       2.469207        67.1905 
 958   0.0000       2.469207        67.1905 
 959   0.0000       2.475470        67.3610 
 960   0.0000       2.475470        67.3610 
 961   0.0000       2.478354        67.4394 
 962   0.0000       2.478766        67.4507 
 963   0.0000       2.493604        67.8544 
 964   0.0000       2.493604        67.8544 
 965   0.0000       2.505260        68.1716 
 966   0.0000       2.511122        68.3311 
 967   0.0000       2.513769        68.4031 
 968   0.0000       2.513769        68.4031 
 969   0.0000       2.546181        69.2851 
 970   0.0000       2.546181        69.2851 
 971   0.0000       2.556788        69.5737 
 972   0.0000       2.578449        70.1632 
 973   0.0000       2.586878        70.3925 
 974   0.0000       2.586878        70.3925 
 975   0.0000       2.590918        70.5025 
 976   0.0000       2.590918        70.5025 
 977   0.0000       2.593743        70.5793 
 978   0.0000       2.602264        70.8112 
 979   0.0000       2.606328        70.9218 
 980   0.0000       2.606328        70.9218 
 981   0.0000       2.613081        71.1055 
 982   0.0000       2.619300        71.2748 
 983   0.0000       2.619300        71.2748 
 984   0.0000       2.625424        71.4414 
 985   0.0000       2.633472        71.6604 
 986   0.0000       2.633472        71.6604 
 987   0.0000       2.641039        71.8663 
 988   0.0000       2.641039        71.8663 
 989   0.0000       2.667457        72.5852 
 990   0.0000       2.667457        72.5852 
 991   0.0000       2.669505        72.6409 
 992   0.0000       2.672016        72.7093 
 993   0.0000       2.687884        73.1411 
 994   0.0000       2.702525        73.5394 
 995   0.0000       2.702525        73.5394 
 996   0.0000       2.713529        73.8389 
 997   0.0000       2.727131        74.2090 
 998   0.0000       2.727131        74.2090 
 999   0.0000       2.733497        74.3822 
 1000   0.0000       2.739920        74.5570 
 1001   0.0000       2.739920        74.5570 
 1002   0.0000       2.761338        75.1398 
 1003   0.0000       2.768742        75.3413 
 1004   0.0000       2.768742        75.3413 
 1005   0.0000       2.770872        75.3992 
 1006   0.0000       2.777362        75.5759 
 1007   0.0000       2.779257        75.6274 
 1008   0.0000       2.779257        75.6274 
 1009   0.0000       2.787856        75.8614 
 1010   0.0000       2.815208        76.6057 
 1011   0.0000       2.820521        76.7503 
 1012   0.0000       2.820521        76.7503 
 1013   0.0000       2.826007        76.8996 
 1014   0.0000       2.826007        76.8996 
 1015   0.0000       2.829376        76.9912 
 1016   0.0000       2.833372        77.1000 
 1017   0.0000       2.833372        77.1000 
 1018   0.0000       2.844697        77.4081 
 1019   0.0000       2.844697        77.4081 
 1020   0.0000       2.846968        77.4699 
 1021   0.0000       2.849892        77.5495 
 1022   0.0000       2.861644        77.8693 
 1023   0.0000       2.861644        77.8693 
 1024   0.0000       2.864747        77.9537 
 1025   0.0000       2.871504        78.1376 
 1026   0.0000       2.871504        78.1376 
 1027   0.0000       2.878900        78.3389 
 1028   0.0000       2.878900        78.3389 
 1029   0.0000       2.889326        78.6225 
 1030   0.0000       2.889462        78.6262 
 1031   0.0000       2.893887        78.7467 
 1032   0.0000       2.893887        78.7467 
 1033   0.0000       2.894756        78.7703 
 1034   0.0000       2.904247        79.0286 
 1035   0.0000       2.911765        79.2331 
 1036   0.0000       2.911765        79.2331 
 1037   0.0000       2.924133        79.5697 
 1038   0.0000       2.924133        79.5697 
 1039   0.0000       2.932148        79.7878 
 1040   0.0000       2.945439        80.1495 
 1041   0.0000       2.956096        80.4395 
 1042   0.0000       2.956096        80.4395 
 1043   0.0000       2.964991        80.6815 
 1044   0.0000       2.964991        80.6815 
 1045   0.0000       3.067360        83.4671 
 1046   0.0000       3.089909        84.0807 
 1047   0.0000       3.089909        84.0807 
 1048   0.0000       3.099057        84.3296 
 1049   0.0000       3.114398        84.7471 
 1050   0.0000       3.114399        84.7471 
 1051   0.0000       3.120319        84.9082 
 1052   0.0000       3.144862        85.5760 
 1053   0.0000       3.144862        85.5760 
 1054   0.0000       3.151996        85.7702 
 1055   0.0000       3.151996        85.7702 
 1056   0.0000       3.164404        86.1078 
 1057   0.0000       3.170346        86.2695 
 1058   0.0000       3.173766        86.3626 
 1059   0.0000       3.173766        86.3626 
 1060   0.0000       3.179445        86.5171 
 1061   0.0000       3.191044        86.8327 
 1062   0.0000       3.191044        86.8327 
 1063   0.0000       3.194367        86.9231 
 1064   0.0000       3.208051        87.2955 
 1065   0.0000       3.208051        87.2955 
 1066   0.0000       3.216194        87.5171 
 1067   0.0000       3.231695        87.9389 
 1068   0.0000       3.231918        87.9449 
 1069   0.0000       3.231918        87.9450 
 1070   0.0000       3.252007        88.4916 
 1071   0.0000       3.254477        88.5588 
 1072   0.0000       3.254478        88.5588 
 1073   0.0000       3.267220        88.9056 
 1074   0.0000       3.267220        88.9056 
 1075   0.0000       3.291807        89.5746 
 1076   0.0000       3.291807        89.5746 
 1077   0.0000       3.298148        89.7472 
 1078   0.0000       3.298148        89.7472 
 1079   0.0000       3.310115        90.0728 
 1080   0.0000       3.317073        90.2621 
 1081   0.0000       3.326448        90.5173 
 1082   0.0000       3.346444        91.0614 
 1083   0.0000       3.353382        91.2502 
 1084   0.0000       3.353382        91.2502 
 1085   0.0000       3.364116        91.5423 
 1086   0.0000       3.390125        92.2500 
 1087   0.0000       3.390125        92.2500 
 1088   0.0000       3.403981        92.6270 
 1089   0.0000       3.403981        92.6270 
 1090   0.0000       3.413566        92.8879 
 1091   0.0000       3.437842        93.5484 
 1092   0.0000       3.437842        93.5484 
 1093   0.0000       3.452630        93.9508 
 1094   0.0000       3.485416        94.8430 
 1095   0.0000       3.493582        95.0652 
 1096   0.0000       3.508894        95.4819 
 1097   0.0000       3.508894        95.4819 
 1098   0.0000       3.532644        96.1281 
 1099   0.0000       3.534598        96.1813 
 1100   0.0000       3.534599        96.1813 
 1101   0.0000       3.552779        96.6760 
 1102   0.0000       3.565516        97.0226 
 1103   0.0000       3.565516        97.0226 
 1104   0.0000       3.580330        97.4257 
 1105   0.0000       3.643392        99.1417 
 1106   0.0000       3.643392        99.1417 
 1107   0.0000       3.735484       101.6477 
 1108   0.0000       3.735485       101.6477 
 1109   0.0000       3.742159       101.8293 
 1110   0.0000       3.787837       103.0723 
 1111   0.0000       3.787837       103.0723 
 1112   0.0000       3.889485       105.8383 
 1113   0.0000       3.889485       105.8383 
 1114   0.0000       3.895264       105.9955 
 1115   0.0000       3.899135       106.1009 
 1116   0.0000       3.919173       106.6461 
 1117   0.0000       3.919173       106.6461 
 1118   0.0000       3.938699       107.1774 
 1119   0.0000       3.938699       107.1774 
 1120   0.0000       3.939345       107.1950 
 1121   0.0000       3.995473       108.7224 
 1122   0.0000       4.011674       109.1632 
 1123   0.0000       4.015468       109.2664 
 1124   0.0000       4.015468       109.2664 
 1125   0.0000       4.041695       109.9801 
 1126   0.0000       4.045545       110.0849 
 1127   0.0000       4.045544       110.0849 
 1128   0.0000       4.057762       110.4173 
 1129   0.0000       4.077815       110.9630 
 1130   0.0000       4.077815       110.9630 
 1131   0.0000       4.086445       111.1978 
 1132   0.0000       4.098768       111.5332 
 1133   0.0000       4.119464       112.0963 
 1134   0.0000       4.138821       112.6230 
 1135   0.0000       4.138821       112.6231 
 1136   0.0000       4.182508       113.8118 
 1137   0.0000       4.182508       113.8118 
 1138   0.0000       4.269438       116.1773 
 1139   0.0000       4.274226       116.3076 
 1140   0.0000       4.274226       116.3076 
 1141   0.0000       4.285496       116.6143 
 1142   0.0000       4.286122       116.6313 
 1143   0.0000       4.328934       117.7963 
 1144   0.0000       4.328935       117.7963 
 1145   0.0000       4.479334       121.8889 
 1146   0.0000       4.485206       122.0487 
 1147   0.0000       4.485207       122.0487 
 1148   0.0000       5.301710       144.2669 
 1149   0.0000       5.309438       144.4771 
 1150   0.0000       5.314812       144.6234 
 1151   0.0000       5.314812       144.6234 
 1152   0.0000       5.319461       144.7499 
 1153   0.0000       5.319461       144.7499 
 1154   0.0000       5.323313       144.8547 
 1155   0.0000       5.331151       145.0680 
 1156   0.0000       5.336393       145.2106 
 1157   0.0000       5.336393       145.2106 
 1158   0.0000       5.342771       145.3842 
 1159   0.0000       5.343070       145.3923 
 1160   0.0000       5.343070       145.3923 
 1161   0.0000       5.355954       145.7429 
 1162   0.0000       5.355954       145.7429 
 1163   0.0000       5.365867       146.0127 
 1164   0.0000       5.370512       146.1390 
 1165   0.0000       5.370512       146.1391 
 1166   0.0000       5.376502       146.3021 
 1167   0.0000       5.378471       146.3556 
 1168   0.0000       5.378471       146.3556 
 1169   0.0000       5.379518       146.3841 
 1170   0.0000       5.379518       146.3841 
 1171   0.0000       5.379788       146.3915 
 1172   0.0000       5.384561       146.5213 
 1173   0.0000       5.393170       146.7556 
 1174   0.0000       5.393170       146.7556 
 1175   0.0000       5.397307       146.8682 
 1176   0.0000       5.397307       146.8682 
 1177   0.0000       5.397425       146.8714 
 1178   0.0000       5.399105       146.9171 
 1179   0.0000       5.406962       147.1309 
 1180   0.0000       5.407175       147.1367 
 1181   0.0000       5.407176       147.1367 
 1182   0.0000       5.410297       147.2217 
 1183   0.0000       5.410297       147.2217 
 1184   0.0000       5.414740       147.3426 
 1185   0.0000       5.416783       147.3982 
 1186   0.0000       5.417104       147.4069 
 1187   0.0000       5.417104       147.4069 
 1188   0.0000       5.424322       147.6033 
 1189   0.0000       5.424322       147.6033 
 1190   0.0000       5.446881       148.2172 
 1191   0.0000       5.455096       148.4407 
 1192   0.0000       5.455096       148.4407 
 1193   0.0000       5.479333       149.1002 
 1194   0.0000       5.485536       149.2690 
 1195   0.0000       5.485536       149.2690 
 1196   0.0000       5.493625       149.4891 
 1197   0.0000       5.504354       149.7811 
 1198   0.0000       5.507866       149.8767 
 1199   0.0000       5.507867       149.8767 
 1200   0.0000       5.519951       150.2055 
 1201   0.0000       5.527934       150.4227 
 1202   0.0000       5.527934       150.4227 
 1203   0.0000       5.530322       150.4877 
 1204   0.0000       5.531226       150.5123 
 1205   0.0000       5.531227       150.5123 
 1206   0.0000       5.555044       151.1604 
 1207   0.0000       5.555044       151.1604 
 1208   0.0000       5.581396       151.8775 
 1209   0.0000       5.581396       151.8775 
 1210   0.0000       5.584224       151.9544 
 1211   0.0000       5.589001       152.0844 
 1212   0.0000       5.589001       152.0845 
 1213   0.0000       5.595915       152.2726 
 1214   0.0000       5.596749       152.2953 
 1215   0.0000       5.604962       152.5188 
 1216   0.0000       5.604962       152.5188 
 1217   0.0000       5.605130       152.5233 
 1218   0.0000       5.610696       152.6748 
 1219   0.0000       5.610696       152.6748 
 1220   0.0000       5.613393       152.7482 
 1221   0.0000       5.619798       152.9225 
 1222   0.0000       5.620858       152.9513 
 1223   0.0000       5.620858       152.9513 
 1224   0.0000       5.627047       153.1197 
 1225   0.0000       5.627047       153.1197 
 1226   0.0000       5.628194       153.1509 
 1227   0.0000       5.629074       153.1749 
 1228   0.0000       5.629074       153.1749 
 1229   0.0000       5.629911       153.1977 
 1230   0.0000       5.664982       154.1520 
 1231   0.0000       5.664982       154.1520 
 1232   0.0000       5.665138       154.1562 
 1233   0.0000       5.676488       154.4651 
 1234   0.0000       5.676488       154.4651 
 1235   0.0000       5.680934       154.5861 
 1236   0.0000       5.680934       154.5861 
 1237   0.0000       5.682021       154.6157 
 1238   0.0000       5.726942       155.8380 
 1239   0.0000       5.726942       155.8380 
 1240   0.0000       5.736331       156.0935 
 1241   0.0000       6.107253       166.1868 
 1242   0.0000       6.109403       166.2453 
 1243   0.0000       6.109403       166.2453 
 1244   0.0000       6.135848       166.9649 
 1245   0.0000       6.135848       166.9649 
 1246   0.0000       6.137256       167.0032 
 1247   0.0000       6.334510       172.3708 
 1248   0.0000       6.354902       172.9257 
 1249   0.0000       6.354902       172.9257 
 1250   0.0000       6.361224       173.0977 
 1251   0.0000       6.373612       173.4348 
 1252   0.0000       6.374861       173.4688 
 1253   0.0000       6.374861       173.4688 
 1254   0.0000       6.529791       177.6846 
 1255   0.0000       6.529791       177.6847 
 1256   0.0000       6.541967       178.0160 
 1257   0.0000       6.543478       178.0571 
 1258   0.0000       6.572180       178.8381 
 1259   0.0000       6.582192       179.1105 
 1260   0.0000       6.582192       179.1106 
 1261   0.0000       6.584511       179.1737 
 1262   0.0000       6.584512       179.1737 
 1263   0.0000       6.630470       180.4243 
 1264   0.0000       6.630471       180.4243 
 1265   0.0000       6.648594       180.9174 
 1266   0.0000       6.654073       181.0665 
 1267   0.0000       6.654073       181.0665 
 1268   0.0000       6.673928       181.6068 
 1269   0.0000       6.673928       181.6068 
 1270   0.0000       6.675230       181.6423 
 1271   0.0000       6.687549       181.9775 
 1272   0.0000       6.687549       181.9775 
 1273   0.0000       6.688883       182.0138 
 1274   0.0000       6.694889       182.1772 
 1275   0.0000       6.698868       182.2855 
 1276   0.0000       6.698868       182.2855 
 1277   0.0000       6.707510       182.5206 
 1278   0.0000       6.707510       182.5206 
 1279   0.0000       6.717169       182.7835 
 1280   0.0000       6.721466       182.9004 
 1281   0.0000       6.721466       182.9004 
 1282   0.0000       6.724450       182.9816 
 1283   0.0000       6.726855       183.0470 
 1284   0.0000       6.726855       183.0470 
 1285   0.0000       6.735504       183.2824 
 1286   0.0000       6.735504       183.2824 
 1287   0.0000       6.739290       183.3854 
 1288   0.0000       6.742231       183.4654 
 1289   0.0000       6.748362       183.6323 
 1290   0.0000       6.748362       183.6323 
 1291   0.0000       6.751431       183.7158 
 1292   0.0000       6.754555       183.8008 
 1293   0.0000       6.754555       183.8008 
 1294   0.0000       6.759079       183.9239 
 1295   0.0000       6.759079       183.9239 
 1296   0.0000       6.760829       183.9715 
 1297   0.0000       6.769460       184.2064 
 1298   0.0000       6.773254       184.3096 
 1299   0.0000       6.779978       184.4926 
 1300   0.0000       6.779978       184.4926 
 1301   0.0000       6.781383       184.5308 
 1302   0.0000       6.781934       184.5458 
 1303   0.0000       6.781934       184.5458 
 1304   0.0000       6.787791       184.7052 
 1305   0.0000       6.787791       184.7052 
 1306   0.0000       6.797496       184.9693 
 1307   0.0000       6.797496       184.9693 
 1308   0.0000       6.797835       184.9785 
 1309   0.0000       6.798598       184.9992 
 1310   0.0000       6.799703       185.0293 
 1311   0.0000       6.799703       185.0293 
 1312   0.0000       6.802103       185.0946 
 1313   0.0000       6.806063       185.2024 
 1314   0.0000       6.806064       185.2024 
 1315   0.0000       6.810218       185.3155 
 1316   0.0000       6.812119       185.3672 
 1317   0.0000       6.812119       185.3672 
 1318   0.0000       6.813980       185.4178 
 1319   0.0000       6.816309       185.4812 
 1320   0.0000       6.816468       185.4855 
 1321   0.0000       6.816468       185.4855 
 1322   0.0000       6.819208       185.5601 
 1323   0.0000       6.819984       185.5812 
 1324   0.0000       6.819984       185.5812 
 1325   0.0000       6.822517       185.6501 
 1326   0.0000       6.822517       185.6501 
 1327   0.0000       6.825289       185.7255 
 1328   0.0000       6.826850       185.7680 
 1329   0.0000       6.831180       185.8859 
 1330   0.0000       6.831180       185.8859 
 1331   0.0000       6.839133       186.1023 
 1332   0.0000       6.841695       186.1720 
 1333   0.0000       6.841695       186.1720 
 1334   0.0000       6.842675       186.1987 
 1335   0.0000       6.846081       186.2913 
 1336   0.0000       6.846081       186.2913 
 1337   0.0000       6.848272       186.3510 
 1338   0.0000       6.848272       186.3510 
 1339   0.0000       6.849590       186.3868 
 1340   0.0000       6.850585       186.4139 
 1341   0.0000       6.852188       186.4575 
 1342   0.0000       6.852188       186.4575 
 1343   0.0000       6.852209       186.4581 
 1344   0.0000       6.852653       186.4702 
 1345   0.0000       6.852653       186.4702 
 1346   0.0000       6.855785       186.5554 
 1347   0.0000       6.857266       186.5957 
 1348   0.0000       6.857266       186.5957 
 1349   0.0000       6.858113       186.6187 
 1350   0.0000       6.858113       186.6187 
 1351   0.0000       6.859048       186.6442 
 1352   0.0000       6.859114       186.6460 
 1353   0.0000       6.860690       186.6889 
 1354   0.0000       6.860691       186.6889 
 1355   0.0000       6.862600       186.7408 
 1356   0.0000       6.862631       186.7417 
 1357   0.0000       6.862782       186.7458 
 1358   0.0000       6.862782       186.7458 
 1359   0.0000       6.865362       186.8160 
 1360   0.0000       6.865600       186.8225 
 1361   0.0000       6.865601       186.8225 
 1362   0.0000       6.867554       186.8756 
 1363   0.0000       6.868471       186.9006 
 1364   0.0000       6.868472       186.9006 
 1365   0.0000       6.869563       186.9303 
 1366   0.0000       6.870009       186.9425 
 1367   0.0000       6.870010       186.9425 
 1368   0.0000       6.870768       186.9631 
 1369   0.0000       6.870768       186.9631 
 1370   0.0000       6.872336       187.0058 
 1371   0.0000       6.872728       187.0164 
 1372   0.0000       6.872728       187.0164 
 1373   0.0000       6.874192       187.0563 
 1374   0.0000       6.875591       187.0943 
 1375   0.0000       6.875591       187.0943 
 1376   0.0000       6.878828       187.1824 
 1377   0.0000       6.880277       187.2219 
 1378   0.0000       6.880277       187.2219 
 1379   0.0000       6.880876       187.2381 
 1380   0.0000       6.881997       187.2686 
 1381   0.0000       6.882061       187.2704 
 1382   0.0000       6.882061       187.2704 
 1383   0.0000       6.883036       187.2969 
 1384   0.0000       6.883037       187.2969 
 1385   0.0000       6.884476       187.3361 
 1386   0.0000       6.885374       187.3606 
 1387   0.0000       6.885517       187.3645 
 1388   0.0000       6.885517       187.3645 
 1389   0.0000       6.886791       187.3991 
 1390   0.0000       6.887477       187.4178 
 1391   0.0000       6.887896       187.4292 
 1392   0.0000       6.887896       187.4292 
 1393   0.0000       6.889886       187.4833 
 1394   0.0000       6.889886       187.4833 
 1395   0.0000       6.891770       187.5346 
 1396   0.0000       6.894978       187.6219 
 1397   0.0000       6.894978       187.6219 
 1398   0.0000       6.905071       187.8965 
 1399   0.0000       6.905072       187.8966 
 1400   0.0000       6.923173       188.3891 
 1401   0.0000       6.923173       188.3891 
 1402   0.0000       6.924999       188.4388 
 1403   0.0000       6.932534       188.6438 
 1404   0.0000       6.945917       189.0080 
 1405   0.0000       6.945918       189.0080 
 1406   0.0000       6.957628       189.3267 
 1407   0.0000       6.982229       189.9961 
 1408   0.0000       6.982230       189.9961 
 1409   0.0000       7.003900       190.5858 
 1410   0.0000       7.056308       192.0119 
 1411   0.0000       7.056309       192.0119 
 1412   0.0000       7.062979       192.1934 
 1413   0.0000       7.082545       192.7258 
 1414   0.0000       7.082545       192.7258 
 1415   0.0000       7.094531       193.0520 
 1416   0.0000       7.094561       193.0528 
 1417   0.0000       7.094561       193.0528 
 1418   0.0000       7.103795       193.3041 
 1419   0.0000       7.104181       193.3146 
 1420   0.0000       7.105929       193.3622 
 1421   0.0000       7.105929       193.3622 
 1422   0.0000       7.113917       193.5795 
 1423   0.0000       7.113917       193.5795 
 1424   0.0000       7.114878       193.6057 
 1425   0.0000       7.118123       193.6940 
 1426   0.0000       7.118123       193.6940 
 1427   0.0000       7.121739       193.7924 
 1428   0.0000       7.128732       193.9827 
 1429   0.0000       7.128732       193.9827 
 1430   0.0000       7.132038       194.0726 
 1431   0.0000       7.132038       194.0726 
 1432   0.0000       7.139127       194.2655 
 1433   0.0000       7.280165       198.1034 
 1434   0.0000       7.282114       198.1564 
 1435   0.0000       7.282114       198.1564 
 1436   0.0000       7.308128       198.8643 
 1437   0.0000       7.308129       198.8643 
 1438   0.0000       7.315496       199.0648 
 1439   0.0000       7.345671       199.8859 
 1440   0.0000       7.373456       200.6419 
 1441   0.0000       7.373456       200.6419 
 1442   0.0000       7.375084       200.6863 
 1443   0.0000       7.379903       200.8174 
 1444   0.0000       7.379903       200.8174 
 1445   0.0000       7.394858       201.2243 
 1446   0.0000       7.421454       201.9480 
 1447   0.0000       7.429646       202.1709 
 1448   0.0000       7.429646       202.1710 
 1449   0.0000       7.435974       202.3431 
 1450   0.0000       7.471185       203.3013 
 1451   0.0000       7.471185       203.3013 
 1452   0.0000       7.567814       205.9307 
 1453   0.0000       7.567815       205.9307 
 1454   0.0000       7.671450       208.7508 
 1455   0.0000       7.758353       211.1155 
 1456   0.0000       7.758353       211.1155 
 1457   0.0000      10.746958       292.4396 
 1458   0.0000      12.767539       347.4224 
 1459   0.0000      12.767539       347.4224 
 1460   0.0000      12.792004       348.0881 
 1461   0.0000      12.825639       349.0034 
 1462   0.0000      12.825640       349.0034 
 1463   0.0000      12.826999       349.0404 
 1464   0.0000      12.840811       349.4162 
 1465   0.0000      12.886919       350.6709 
 1466   0.0000      12.889090       350.7300 
 1467   0.0000      12.889090       350.7300 
 1468   0.0000      12.897649       350.9629 
 1469   0.0000      12.903758       351.1291 
 1470   0.0000      12.903759       351.1291 
 1471   0.0000      12.918857       351.5400 
 1472   0.0000      12.918857       351.5400 
 1473   0.0000      12.943874       352.2207 
 1474   0.0000      12.943874       352.2207 
 1475   0.0000      12.945953       352.2773 
 1476   0.0000      12.965607       352.8121 
 1477   0.0000      12.965607       352.8121 
 1478   0.0000      12.970903       352.9562 
 1479   0.0000      12.985497       353.3533 
 1480   0.0000      12.987490       353.4076 
 1481   0.0000      12.987490       353.4076 
 1482   0.0000      13.002414       353.8137 
 1483   0.0000      13.002414       353.8137 
 1484   0.0000      13.004205       353.8624 
 1485   0.0000      13.024147       354.4050 
 1486   0.0000      13.025441       354.4403 
 1487   0.0000      13.028608       354.5264 
 1488   0.0000      13.028608       354.5264 
 1489   0.0000      13.057743       355.3192 
 1490   0.0000      13.057743       355.3193 
 1491   0.0000      13.066759       355.5646 
 1492   0.0000      13.077973       355.8697 
 1493   0.0000      13.077973       355.8697 
 1494   0.0000      13.080220       355.9309 
 1495   0.0000      13.080220       355.9309 
 1496   0.0000      13.084022       356.0344 
 1497   0.0000      13.093072       356.2806 
 1498   0.0000      13.093072       356.2806 
 1499   0.0000      13.094698       356.3248 
 1500   0.0000      13.129558       357.2734 
 1501   0.0000      13.142997       357.6391 
 1502   0.0000      13.142997       357.6391 
 1503   0.0000      13.157161       358.0245 
 1504   0.0000      13.170015       358.3743 
 1505   0.0000      13.170015       358.3743 
 1506   0.0000      15.214896       414.0184 
 1507   0.0000      15.286264       415.9604 
 1508   0.0000      15.286264       415.9604 
 1509   0.0000      15.286631       415.9704 
 1510   0.0000      15.323372       416.9702 
 1511   0.0000      15.323373       416.9702 
 1512   0.0000      15.329543       417.1381 
 1513   0.0000      15.341852       417.4730 
 1514   0.0000      15.346108       417.5888 
 1515   0.0000      15.346108       417.5888 
 1516   0.0000      15.391379       418.8207 
 1517   0.0000      15.397779       418.9949 
 1518   0.0000      15.397779       418.9949 
 1519   0.0000      15.450621       420.4328 
 1520   0.0000      15.457050       420.6077 
 1521   0.0000      15.457050       420.6077 
 1522   0.0000      17.880636       486.5568 
 1523   0.0000      17.893140       486.8971 
 1524   0.0000      17.893140       486.8971 
 1525   0.0000      23.101955       628.6362 
 1526   0.0000      23.101955       628.6362 
 1527   0.0000      23.185980       630.9226 
 1528   0.0000      23.187739       630.9705 
 1529   0.0000      23.187740       630.9705 
 1530   0.0000      23.204212       631.4187 
 1531   0.0000      23.204212       631.4187 
 1532   0.0000      23.228964       632.0922 
 1533   0.0000      23.245077       632.5307 
 1534   0.0000      23.280513       633.4950 
 1535   0.0000      23.319711       634.5616 
 1536   0.0000      23.352312       635.4487 
 1537   0.0000      23.352312       635.4487 
 1538   0.0000      23.372271       635.9918 
 1539   0.0000      23.372271       635.9918 
 1540   0.0000      23.438376       637.7906 
 1541   0.0000      38.960423      1060.1670 
 1542   0.0000      77.027349      2096.0207 
 1543   0.0000      77.043868      2096.4702 
 1544   0.0000      77.043868      2096.4702 
 1545   0.0000      78.835567      2145.2248 
 1546   0.0000      78.899996      2146.9780 
 1547   0.0000      78.901950      2147.0312 
 1548   0.0000      78.901950      2147.0312 
 1549   0.0000      78.935952      2147.9564 
 1550   0.0000      78.939002      2148.0394 
 1551   0.0000      78.939002      2148.0394 
 1552   0.0000      78.971946      2148.9359 
 1553   0.0000      78.988693      2149.3916 
 1554   0.0000      78.988694      2149.3916 
 1555   0.0000      79.021337      2150.2799 
 1556   0.0000      79.021337      2150.2799 
 1557   0.0000      79.025194      2150.3848 
 1558   0.0000      79.087310      2152.0751 
 1559   0.0000      79.096806      2152.3335 
 1560   0.0000      79.096806      2152.3335 
 1561   0.0000      81.690236      2222.9043 
 1562   0.0000      81.690236      2222.9043 
 1563   0.0000      81.769625      2225.0646 
 1564   0.0000      81.769625      2225.0646 
 1565   0.0000      81.774372      2225.1938 
 1566   0.0000      81.782002      2225.4014 
 1567   0.0000      81.782002      2225.4014 
 1568   0.0000      81.804963      2226.0262 
 1569   0.0000      81.822363      2226.4997 
 1570   0.0000      81.846796      2227.1645 
 1571   0.0000      81.884319      2228.1856 
 1572   0.0000      81.910254      2228.8913 
 1573   0.0000      81.910254      2228.8913 
 1574   0.0000      81.926525      2229.3341 
 1575   0.0000      81.926526      2229.3341 
 1576   0.0000      81.985408      2230.9364 
 1577   0.0000     140.088752      3812.0088 
 1578   0.0000     207.688129      5651.4813 
 1579   0.0000     207.688129      5651.4813 
 1580   0.0000     207.745016      5653.0293 
 1581   0.0000     207.793571      5654.3505 
 1582   0.0000     207.800246      5654.5322 
 1583   0.0000     207.800246      5654.5322 
 1584   0.0000     207.831953      5655.3949 
 1585   0.0000     207.959290      5658.8600 
 1586   0.0000     207.968928      5659.1222 
 1587   0.0000     207.968928      5659.1222 
 1588   0.0000     207.983349      5659.5147 
 1589   0.0000     207.983350      5659.5147 
 1590   0.0000     208.009144      5660.2166 
 1591   0.0000     208.023010      5660.5939 
 1592   0.0000     208.023010      5660.5939 
 1593   0.0000     208.053949      5661.4358 
 1594   0.0000     208.112166      5663.0199 
 1595   0.0000     208.112166      5663.0199 
 1596   0.0000     208.141531      5663.8190 
 1597   0.0000     208.141531      5663.8190 
 1598   0.0000     208.169101      5664.5692 
 1599   0.0000     208.185371      5665.0120 
 1600   0.0000     208.185371      5665.0120 
 1601   0.0000     208.216892      5665.8697 
 1602   0.0000     208.243926      5666.6053 
 1603   0.0000     208.248789      5666.7376 
 1604   0.0000     208.248789      5666.7376 
 1605   0.0000     208.280915      5667.6118 
 1606   0.0000     208.295334      5668.0042 
 1607   0.0000     208.295334      5668.0042 
 1608   0.0000     208.296846      5668.0453 
 1609   0.0000     208.337210      5669.1437 
 1610   0.0000     208.337210      5669.1437 
 1611   0.0000     208.367276      5669.9618 
 1612   0.0000     208.399869      5670.8487 
 1613   0.0000     208.399869      5670.8487 
 1614   0.0000     208.433255      5671.7572 
 1615   0.0000     208.433255      5671.7572 
 1616   0.0000     208.458497      5672.4441 
 1617   0.0000     208.462510      5672.5533 
 1618   0.0000     208.465432      5672.6328 
 1619   0.0000     208.465432      5672.6328 
 1620   0.0000     208.539885      5674.6588 
 1621   0.0000     208.566809      5675.3914 
 1622   0.0000     208.566809      5675.3914 
 1623   0.0000     208.631058      5677.1397 
 1624   0.0000     208.646999      5677.5735 
 1625   0.0000     208.646999      5677.5735 
 1626   0.0000     333.742516      9081.5955 
 1627   0.0000     333.759279      9082.0517 
 1628   0.0000     333.759279      9082.0517 
 1629   0.0000     458.305344     12471.1224 
 1630   0.0000     463.440003     12610.8436 
 1631   0.0000     463.440003     12610.8436 
 1632   0.0000     463.509200     12612.7265 
 1633   0.0000     463.509200     12612.7265 
 1634   0.0000     463.516366     12612.9215 
 1635   0.0000     463.518749     12612.9864 
 1636   0.0000     463.518749     12612.9864 
 1637   0.0000     463.536982     12613.4825 
 1638   0.0000     463.543632     12613.6635 
 1639   0.0000     463.567273     12614.3068 
 1640   0.0000     463.601945     12615.2503 
 1641   0.0000     463.618789     12615.7086 
 1642   0.0000     463.618789     12615.7086 
 1643   0.0000     463.633130     12616.0989 
 1644   0.0000     463.633130     12616.0989 
 1645   0.0000     463.677878     12617.3165 
 1646   0.0000    1337.297227     36389.7076 
 1647   0.0000    2781.278504     75682.4357 
 1648   0.0000    2781.278504     75682.4357 
 1649   0.0000    2781.368736     75684.8910 
 1650   0.0000    2781.377131     75685.1195 
 1651   0.0000    2781.377132     75685.1195 
 1652   0.0000    2781.401868     75685.7926 
 1653   0.0000    2781.401868     75685.7926 
 1654   0.0000    2781.431998     75686.6125 
 1655   0.0000    2781.446250     75687.0003 
 1656   0.0000    2781.499620     75688.4526 
 1657   0.0000    2781.547823     75689.7642 
 1658   0.0000    2781.588084     75690.8598 
 1659   0.0000    2781.588085     75690.8598 
 1660   0.0000    2781.612707     75691.5298 
 1661   0.0000    2781.612707     75691.5299 
 1662   0.0000    2781.693529     75693.7291 
 1663   0.0000    3492.789065     95043.6224 
 1664   0.0000   10534.278755    286652.2980 


---------------------------------------------
CAS-SCF STATES FOR BLOCK  1 MULT= 3 NROOTS= 6
---------------------------------------------

ROOT   0:  E=  -33982.2577502270 Eh
      0.86303 [     0]: 2110000
      0.05534 [    79]: 0112000
      0.02111 [    21]: 1111000
      0.01185 [     3]: 2100010
      0.01185 [     6]: 2010100
      0.00878 [     7]: 2010010
      0.00877 [     2]: 2100100
ROOT   1:  E=  -33982.1830349085 Eh  2.033 eV  16398.1 cm**-1
      0.46799 [    20]: 1120000
      0.35498 [    15]: 1210000
      0.03773 [    75]: 0121000
      0.02862 [    65]: 0211000
      0.02799 [     1]: 2101000
      0.02124 [     5]: 2011000
      0.01835 [    23]: 1110010
      0.00621 [    25]: 1102000
      0.00555 [    32]: 1100020
      0.00471 [    39]: 1012000
      0.00415 [    46]: 1010020
      0.00291 [    81]: 0111010
      0.00283 [     6]: 2010100
      0.00283 [     3]: 2100010
ROOT   2:  E=  -33982.1830343308 Eh  2.033 eV  16398.2 cm**-1
      0.46799 [    15]: 1210000
      0.35498 [    20]: 1120000
      0.03773 [    65]: 0211000
      0.02862 [    75]: 0121000
      0.02800 [     5]: 2011000
      0.02124 [     1]: 2101000
      0.01836 [    22]: 1110100
      0.00622 [    39]: 1012000
      0.00555 [    43]: 1010200
      0.00471 [    25]: 1102000
      0.00415 [    29]: 1100200
      0.00291 [    80]: 0111100
      0.00283 [     2]: 2100100
      0.00283 [     7]: 2010010
ROOT   3:  E=  -33982.1620015442 Eh  2.605 eV  21014.4 cm**-1
      0.43292 [     1]: 2101000
      0.14783 [     5]: 2011000
      0.06194 [     2]: 2100100
      0.06177 [     7]: 2010010
      0.03899 [    16]: 1201000
      0.03898 [    35]: 1021000
      0.02912 [    25]: 1102000
      0.02531 [     6]: 2010100
      0.02524 [     3]: 2100010
      0.02146 [    10]: 2001010
      0.02042 [    20]: 1120000
      0.01529 [    22]: 1110100
      0.00994 [    39]: 1012000
      0.00853 [     4]: 2100001
      0.00697 [    15]: 1210000
      0.00426 [    23]: 1110010
      0.00403 [    89]: 0102100
      0.00402 [   112]: 0012010
      0.00363 [    26]: 1101100
      0.00363 [    41]: 1011010
      0.00291 [     8]: 2010001
      0.00254 [     9]: 2001100
ROOT   4:  E=  -33982.1619991469 Eh  2.606 eV  21014.9 cm**-1
      0.43292 [     5]: 2011000
      0.14786 [     1]: 2101000
      0.07798 [    21]: 1111000
      0.06189 [     6]: 2010100
      0.06179 [     3]: 2100010
      0.02912 [    39]: 1012000
      0.02529 [     2]: 2100100
      0.02526 [     7]: 2010010
      0.02146 [     9]: 2001100
      0.02042 [    15]: 1210000
      0.01528 [    23]: 1110010
      0.00995 [    25]: 1102000
      0.00853 [     8]: 2010001
      0.00697 [    20]: 1120000
      0.00426 [    22]: 1110100
      0.00403 [   111]: 0012100
      0.00402 [    90]: 0102010
      0.00363 [    40]: 1011100
      0.00363 [    27]: 1101010
      0.00291 [     4]: 2100001
      0.00254 [    10]: 2001010
ROOT   5:  E=  -33982.1556605216 Eh  2.778 eV  22406.1 cm**-1
      0.71798 [    21]: 1111000
      0.04941 [     3]: 2100010
      0.04938 [     6]: 2010100
      0.03753 [     0]: 2110000
      0.03660 [     7]: 2010010
      0.03658 [     2]: 2100100
      0.00953 [    40]: 1011100
      0.00953 [    27]: 1101010
      0.00706 [    26]: 1101100
      0.00706 [    41]: 1011010
      0.00673 [    23]: 1110010
      0.00336 [    36]: 1020100
      0.00336 [    17]: 1200100
      0.00330 [    12]: 2000110


---------------------------------------------
CAS-SCF STATES FOR BLOCK  2 MULT= 1 NROOTS= 3
---------------------------------------------

ROOT   0:  E=  -33982.2138873234 Eh
      0.80783 [     1]: 2110000
      0.05139 [    90]: 0112000
      0.04105 [     6]: 2020000
      0.04104 [     0]: 2200000
      0.00631 [    27]: 1111000
      0.00532 [     9]: 2010010
      0.00532 [     3]: 2100100
      0.00307 [    47]: 1011010
      0.00307 [    32]: 1101100
      0.00261 [   116]: 0022000
      0.00261 [    76]: 0202000
      0.00250 [    21]: 1210000
ROOT   1:  E=  -33982.2138872213 Eh  0.000 eV      0.0 cm**-1
      0.40392 [     0]: 2200000
      0.40391 [     6]: 2020000
      0.08209 [     1]: 2110000
      0.02570 [    76]: 0202000
      0.02569 [   116]: 0022000
      0.00532 [     4]: 2100010
      0.00532 [     8]: 2010100
      0.00522 [    90]: 0112000
      0.00316 [    22]: 1201000
      0.00316 [    41]: 1021000
      0.00307 [    33]: 1101010
      0.00307 [    46]: 1011100
ROOT   2:  E=  -33982.1819407277 Eh  0.869 eV   7011.5 cm**-1
      0.42507 [     0]: 2200000
      0.42507 [     6]: 2020000
      0.02641 [    76]: 0202000
      0.02640 [   116]: 0022000
      0.01124 [    15]: 2000200
      0.01124 [    18]: 2000020
      0.00919 [    28]: 1110100
      0.00677 [    71]: 0220000
      0.00640 [    22]: 1201000
      0.00640 [    41]: 1021000
      0.00460 [    43]: 1020010
      0.00460 [    24]: 1200010
      0.00456 [    47]: 1011010
      0.00456 [    32]: 1101100
      0.00338 [    33]: 1101010
      0.00338 [    46]: 1011100


-----------------------------
SA-CASSCF TRANSITION ENERGIES
------------------------------

LOWEST ROOT (ROOT 0 ,MULT 3) = -33982.257750227 Eh -924704.244 eV

STATE   ROOT MULT  DE/a.u.    DE/eV    DE/cm**-1
   1:    0    1   0.043863     1.194   9626.8
   2:    1    1   0.043863     1.194   9626.8
   3:    1    3   0.074715     2.033  16398.1
   4:    2    3   0.074716     2.033  16398.2
   5:    2    1   0.075809     2.063  16638.3
   6:    3    3   0.095749     2.605  21014.4
   7:    4    3   0.095751     2.606  21014.9
   8:    5    3   0.102090     2.778  22406.1


--------------
DENSITY MATRIX
--------------

                  0          1          2          3          4          5    
      0       1.560090  -0.000001  -0.000002  -0.037274  -0.000001  -0.000002
      1      -0.000001   0.971300   0.000000  -0.000000   0.033070  -0.028468
      2      -0.000002   0.000000   0.971290   0.000000   0.028462   0.033079
      3      -0.037274  -0.000000   0.000000   0.361004  -0.000001   0.000001
      4      -0.000001   0.033070   0.028462  -0.000001   0.063817  -0.000000
      5      -0.000002  -0.028468   0.033079   0.000001  -0.000000   0.063778
      6      -0.006882  -0.000001  -0.000007   0.026729  -0.000000  -0.000001
                  6    
      0      -0.006882
      1      -0.000001
      2      -0.000007
      3       0.026729
      4      -0.000000
      5      -0.000001
      6       0.008719
Trace of the electron density:  4.000000
Extracting Spin-Density from 2-RDM (MULT=3) ... done
Extracting Spin-Density from 2-RDM (MULT=1) ... done

-------------------
SPIN-DENSITY MATRIX
-------------------

                  0          1          2          3          4          5    
      0       0.286831   0.000001   0.000001   0.087548   0.000000   0.000002
      1       0.000001   0.374115   0.000004   0.000000   0.016359  -0.014084
      2       0.000001   0.000004   0.374103   0.000001   0.014079   0.016364
      3       0.087548   0.000000   0.000001   0.203505  -0.000001  -0.000004
      4       0.000000   0.016359   0.014079  -0.000001   0.045593  -0.000001
      5       0.000002  -0.014084   0.016364  -0.000004  -0.000001   0.045554
      6       0.004359   0.000000  -0.000003   0.020441   0.000000  -0.000000
                  6    
      0       0.004359
      1       0.000000
      2      -0.000003
      3       0.020441
      4       0.000000
      5      -0.000000
      6       0.003631
Trace of the spin density:  1.333333

-----------------
ENERGY COMPONENTS
-----------------

One electron energy          : -102750.703141470 Eh    -2795988.7778 eV
Two electron energy          :  40985.960254891 Eh     1115284.6785 eV
Nuclear repulsion energy     :  27782.552531477 Eh      756001.6888 eV
                               ----------------
                               -33982.190355102

Kinetic energy               :  35965.765545897 Eh      978678.2355 eV
Potential energy             : -69947.955901000 Eh    -1903380.6461 eV
Virial ratio                 :     -1.944848242 
                               ----------------
                               -33982.190355102

Core energy                  : -33977.606629662 Eh  -924577.6810 eV


----------------------------
LOEWDIN ORBITAL-COMPOSITIONS
