NONZERO SOC MATRIX ELEMENTS (cm**-1)
------------------------------------

           Bra                       Ket       
<Block Root  S    Ms  | HSOC |  Block Root  S    Ms>    =  Real-part     Imaginary part
--------------------------------------------------------------------------------------
   0    1  1.0  1.0              0     0  1.0  1.0            0.000              0.008
   0    2  1.0  1.0              0     0  1.0  1.0            0.000             -0.002
   0    2  1.0  1.0              0     1  1.0  1.0            0.000           -191.235
   0    3  1.0  1.0              0     0  1.0  1.0            0.000             -0.046
   0    3  1.0  1.0              0     1  1.0  1.0            0.000            -82.041
   0    3  1.0  1.0              0     2  1.0  1.0            0.000             27.683
   0    4  1.0  1.0              0     0  1.0  1.0            0.000             -0.064
   0    4  1.0  1.0              0     1  1.0  1.0            0.000            -27.681
   0    4  1.0  1.0              0     2  1.0  1.0            0.000            -82.042
   0    4  1.0  1.0              0     3  1.0  1.0            0.000             95.599
   0    5  1.0  1.0              0     1  1.0  1.0            0.000             -0.027
   0    5  1.0  1.0              0     2  1.0  1.0            0.000              0.020
   0    5  1.0  1.0              0     3  1.0  1.0            0.000             -0.027
   0    5  1.0  1.0              0     4  1.0  1.0            0.000             -0.062
   0    0  1.0  0.0              0     1  1.0  1.0           55.532            166.491
   0    0  1.0  0.0              0     2  1.0  1.0         -166.493             55.530
   0    0  1.0  0.0              0     3  1.0  1.0         -296.262            223.982
   0    0  1.0  0.0              0     4  1.0  1.0         -223.977           -296.254
   0    0  1.0  0.0              0     5  1.0  1.0           -0.081              0.103
   0    1  1.0  0.0              0     0  1.0  1.0          -55.532           -166.491
   0    1  1.0  0.0              0     2  1.0  1.0            0.001              0.001
   0    1  1.0  0.0              0     3  1.0  1.0           27.031             39.395
   0    1  1.0  0.0              0     4  1.0  1.0           39.373            -27.028
   0    1  1.0  0.0              0     5  1.0  1.0          -12.169            -36.481
   0    2  1.0  0.0              0     0  1.0  1.0          166.493            -55.530
   0    2  1.0  0.0              0     1  1.0  1.0           -0.001             -0.001
   0    2  1.0  0.0              0     3  1.0  1.0           39.359            -27.031
   0    2  1.0  0.0              0     4  1.0  1.0          -27.024            -39.390
   0    2  1.0  0.0              0     5  1.0  1.0           36.516            -12.178
   0    3  1.0  0.0              0     0  1.0  1.0          296.262           -223.982
   0    3  1.0  0.0              0     1  1.0  1.0          -27.031            -39.395
   0    3  1.0  0.0              0     2  1.0  1.0          -39.359             27.031
   0    3  1.0  0.0              0     4  1.0  1.0            0.006             -0.008
   0    3  1.0  0.0              0     5  1.0  1.0            5.896             -4.459
   0    4  1.0  0.0              0     0  1.0  1.0          223.977            296.254
   0    4  1.0  0.0              0     1  1.0  1.0          -39.373             27.028
   0    4  1.0  0.0              0     2  1.0  1.0           27.024             39.390
   0    4  1.0  0.0              0     3  1.0  1.0           -0.006              0.008
   0    4  1.0  0.0              0     5  1.0  1.0            4.463              5.904
   0    5  1.0  0.0              0     0  1.0  1.0            0.081             -0.103
   0    5  1.0  0.0              0     1  1.0  1.0           12.169             36.481
   0    5  1.0  0.0              0     2  1.0  1.0          -36.516             12.178
   0    5  1.0  0.0              0     3  1.0  1.0           -5.896              4.459
   0    5  1.0  0.0              0     4  1.0  1.0           -4.463             -5.904
   0    0  1.0 -1.0              0     1  1.0  0.0           55.532            166.491
   0    0  1.0 -1.0              0     2  1.0  0.0         -166.493             55.530
   0    0  1.0 -1.0              0     3  1.0  0.0         -296.262            223.982
   0    0  1.0 -1.0              0     4  1.0  0.0         -223.977           -296.254
   0    0  1.0 -1.0              0     5  1.0  0.0           -0.081              0.103
   0    1  1.0 -1.0              0     0  1.0  0.0          -55.532           -166.491
   0    1  1.0 -1.0              0     2  1.0  0.0            0.001              0.001
   0    1  1.0 -1.0              0     3  1.0  0.0           27.031             39.395
   0    1  1.0 -1.0              0     4  1.0  0.0           39.373            -27.028
   0    1  1.0 -1.0              0     5  1.0  0.0          -12.169            -36.481
   0    1  1.0 -1.0              0     0  1.0 -1.0           -0.000             -0.008
   0    2  1.0 -1.0              0     0  1.0  0.0          166.493            -55.530
   0    2  1.0 -1.0              0     1  1.0  0.0           -0.001             -0.001
   0    2  1.0 -1.0              0     3  1.0  0.0           39.359            -27.031
   0    2  1.0 -1.0              0     4  1.0  0.0          -27.024            -39.390
   0    2  1.0 -1.0              0     5  1.0  0.0           36.516            -12.178
   0    2  1.0 -1.0              0     0  1.0 -1.0           -0.000              0.002
   0    2  1.0 -1.0              0     1  1.0 -1.0           -0.000            191.235
   0    3  1.0 -1.0              0     0  1.0  0.0          296.262           -223.982
   0    3  1.0 -1.0              0     1  1.0  0.0          -27.031            -39.395
   0    3  1.0 -1.0              0     2  1.0  0.0          -39.359             27.031
   0    3  1.0 -1.0              0     4  1.0  0.0            0.006             -0.008
   0    3  1.0 -1.0              0     5  1.0  0.0            5.896             -4.459
   0    3  1.0 -1.0              0     0  1.0 -1.0           -0.000              0.046
   0    3  1.0 -1.0              0     1  1.0 -1.0           -0.000             82.041
   0    3  1.0 -1.0              0     2  1.0 -1.0           -0.000            -27.683
   0    4  1.0 -1.0              0     0  1.0  0.0          223.977            296.254
   0    4  1.0 -1.0              0     1  1.0  0.0          -39.373             27.028
   0    4  1.0 -1.0              0     2  1.0  0.0           27.024             39.390
   0    4  1.0 -1.0              0     3  1.0  0.0           -0.006              0.008
   0    4  1.0 -1.0              0     5  1.0  0.0            4.463              5.904
   0    4  1.0 -1.0              0     0  1.0 -1.0           -0.000              0.064
   0    4  1.0 -1.0              0     1  1.0 -1.0           -0.000             27.681
   0    4  1.0 -1.0              0     2  1.0 -1.0           -0.000             82.042
   0    4  1.0 -1.0              0     3  1.0 -1.0           -0.000            -95.599
   0    5  1.0 -1.0              0     0  1.0  0.0            0.081             -0.103
   0    5  1.0 -1.0              0     1  1.0  0.0           12.169             36.481
   0    5  1.0 -1.0              0     2  1.0  0.0          -36.516             12.178
   0    5  1.0 -1.0              0     3  1.0  0.0           -5.896              4.459
   0    5  1.0 -1.0              0     4  1.0  0.0           -4.463             -5.904
   0    5  1.0 -1.0              0     1  1.0 -1.0           -0.000              0.027
   0    5  1.0 -1.0              0     2  1.0 -1.0           -0.000             -0.020
   0    5  1.0 -1.0              0     3  1.0 -1.0           -0.000              0.027
   0    5  1.0 -1.0              0     4  1.0 -1.0           -0.000              0.062
   1    0  0.0  0.0              0     0  1.0  1.0          -17.220             -8.810
   1    0  0.0  0.0              0     1  1.0  1.0         -163.052             24.819
   1    0  0.0  0.0              0     2  1.0  1.0           24.817            163.034
   1    0  0.0  0.0              0     3  1.0  1.0          -44.311            251.128
   1    0  0.0  0.0              0     4  1.0  1.0          251.141             44.268
   1    0  0.0  0.0              0     5  1.0  1.0          114.040             58.489
   1    0  0.0  0.0              0     0  1.0  0.0           -0.000              0.004
   1    0  0.0  0.0              0     1  1.0  0.0           -0.000            -17.658
   1    0  0.0  0.0              0     2  1.0  0.0           -0.000            -18.000
   1    0  0.0  0.0              0     3  1.0  0.0           -0.000           -145.466
   1    0  0.0  0.0              0     4  1.0  0.0           -0.000             70.339
   1    0  0.0  0.0              0     5  1.0  0.0           -0.000             -0.012
   1    0  0.0  0.0              0     0  1.0 -1.0          -17.220              8.810
   1    0  0.0  0.0              0     1  1.0 -1.0         -163.052            -24.819
   1    0  0.0  0.0              0     2  1.0 -1.0           24.817           -163.034
   1    0  0.0  0.0              0     3  1.0 -1.0          -44.311           -251.128
   1    0  0.0  0.0              0     4  1.0 -1.0          251.141            -44.268
   1    0  0.0  0.0              0     5  1.0 -1.0          114.040            -58.489
   1    1  0.0  0.0              0     0  1.0  1.0            8.813            -17.215
   1    1  0.0  0.0              0     1  1.0  1.0           24.829            163.040
   1    1  0.0  0.0              0     2  1.0  1.0          163.041            -24.828
   1    1  0.0  0.0              0     3  1.0  1.0          251.155             44.148
   1    1  0.0  0.0              0     4  1.0  1.0           44.190           -251.154
   1    1  0.0  0.0              0     5  1.0  1.0          -58.280            114.124
   1    1  0.0  0.0              0     0  1.0  0.0           -0.000              0.002
   1    1  0.0  0.0              0     1  1.0  0.0           -0.000             18.004
   1    1  0.0  0.0              0     2  1.0  0.0           -0.000            -17.663
   1    1  0.0  0.0              0     3  1.0  0.0           -0.000            -70.340
   1    1  0.0  0.0              0     4  1.0  0.0           -0.000           -145.447
   1    1  0.0  0.0              0     0  1.0 -1.0            8.813             17.215
   1    1  0.0  0.0              0     1  1.0 -1.0           24.829           -163.040
   1    1  0.0  0.0              0     2  1.0 -1.0          163.041             24.828
   1    1  0.0  0.0              0     3  1.0 -1.0          251.155            -44.148
   1    1  0.0  0.0              0     4  1.0 -1.0           44.190            251.154
   1    1  0.0  0.0              0     5  1.0 -1.0          -58.280           -114.124
   1    2  0.0  0.0              0     0  1.0  1.0           -0.002             -0.008
   1    2  0.0  0.0              0     1  1.0  1.0         -297.130             99.105
   1    2  0.0  0.0              0     2  1.0  1.0          -99.104           -297.137
   1    2  0.0  0.0              0     3  1.0  1.0           30.249             40.007
   1    2  0.0  0.0              0     4  1.0  1.0          -40.029             30.260
   1    2  0.0  0.0              0     5  1.0  1.0            0.026              0.030
   1    2  0.0  0.0              0     0  1.0  0.0           -0.000            408.204
   1    2  0.0  0.0              0     1  1.0  0.0           -0.000             -0.016
   1    2  0.0  0.0              0     2  1.0  0.0           -0.000             -0.008
   1    2  0.0  0.0              0     3  1.0  0.0           -0.000             -0.106
   1    2  0.0  0.0              0     4  1.0  0.0           -0.000              0.020
   1    2  0.0  0.0              0     5  1.0  0.0           -0.000            189.853
   1    2  0.0  0.0              0     0  1.0 -1.0           -0.002              0.008
   1    2  0.0  0.0              0     1  1.0 -1.0         -297.130            -99.105
   1    2  0.0  0.0              0     2  1.0 -1.0          -99.104            297.137
   1    2  0.0  0.0              0     3  1.0 -1.0           30.249            -40.007
   1    2  0.0  0.0              0     4  1.0 -1.0          -40.029            -30.260
   1    2  0.0  0.0              0     5  1.0 -1.0            0.026             -0.030

Note: In the following the full <I|HBO+SOC|J> are printed in the CI Basis.     
