0.000000	1.000000
0.010000	0.965211
0.020000	0.901443
0.030000	0.932266
0.040000	0.965690
0.050000	0.953142
0.060000	0.955333
0.070000	0.934546
0.080000	0.944749
0.090000	0.973602
0.100000	0.958085
0.110000	0.938872
0.120000	0.923933
0.130000	0.941208
0.140000	0.944816
0.150000	0.961391
0.160000	0.954534
0.170000	0.978145
0.180000	0.947711
0.190000	0.920843
0.200000	0.963559
0.210000	0.987692
0.220000	0.958070
0.230000	0.940458
0.240000	0.925821
0.250000	0.963283
0.260000	0.967762
0.270000	0.921690
0.280000	0.936462
0.290000	0.925432
0.300000	0.918106
0.310000	0.946828
0.320000	0.959742
0.330000	0.923499
0.340000	0.953681
0.350000	0.960894
0.360000	0.916984
0.370000	0.966493
0.380000	0.973275
0.390000	0.976724
0.400000	0.945044
0.410000	0.932738
0.420000	0.976278
0.430000	0.980274
0.440000	0.951824
0.450000	0.935064
0.460000	0.930456
0.470000	0.939122
0.480000	0.953120
0.490000	0.942469
0.500000	0.899747
0.510000	0.912602
0.520000	0.922439
0.530000	0.948886
0.540000	0.962714
0.550000	0.934387
0.560000	0.945004
0.570000	0.945410
0.580000	0.952712
0.590000	0.959619
0.600000	0.953833
0.610000	0.922946
0.620000	0.939703
0.630000	0.967883
0.640000	0.956700
0.650000	0.937522
0.660000	0.939378
0.670000	0.914975
0.680000	0.923144
0.690000	0.957166
0.700000	0.958284
0.710000	0.935443
0.720000	0.911685
0.730000	0.952113
0.740000	0.938664
0.750000	0.933050
0.760000	0.919044
0.770000	0.926727
0.780000	0.957588
0.790000	0.952230
0.800000	0.960722
0.810000	0.919151
0.820000	0.929490
0.830000	0.948153
0.839999	0.945809
0.849999	0.927622
0.859999	0.923991
0.869999	0.948838
0.879999	0.940374
0.889999	0.929330
0.899999	0.923470
0.909999	0.932261
0.919999	0.941848
0.929999	0.903996
0.939999	0.921549
0.949999	0.941919
0.959999	0.925387
0.969999	0.922324
0.979999	0.907864
0.989999	0.911560
0.999999	0.934435
1.010000	0.952447
1.020000	0.911019
1.030000	0.913324
1.040000	0.946946
1.050000	0.939186
1.060000	0.941242
1.070000	0.931702
1.080000	0.942603
1.090000	0.933711
1.100000	0.904344
1.110000	0.920643
1.120000	0.938906
1.130000	0.917195
1.140000	0.899457
1.150000	0.874419
1.160000	0.907777
1.170000	0.934353
1.180000	0.932245
1.190000	0.879606
1.200000	0.875209
1.210000	0.921347
1.220000	0.927927
1.230000	0.929951
1.240000	0.881339
1.250000	0.916844
1.260000	0.934930
1.270000	0.926297
1.280000	0.901298
1.290000	0.902006
1.300000	0.909815
1.310000	0.897678
1.320000	0.931510
1.330000	0.927058
1.340000	0.912114
1.350000	0.906503
1.360000	0.901264
1.370000	0.895034
1.380000	0.909411
1.390000	0.902270
1.400000	0.882071
1.410000	0.879145
1.420000	0.903460
1.430000	0.915533
1.440000	0.890005
1.450000	0.854787
1.460000	0.871258
1.470000	0.909473
1.480000	0.888902
1.490000	0.902703
1.500000	0.892016
1.510000	0.886537
1.520000	0.914270
1.530000	0.898380
1.540000	0.889429
1.550000	0.894049
1.560000	0.886359
1.570000	0.891026
1.580000	0.884144
1.590000	0.878989
1.600000	0.883622
1.610000	0.891281
1.620000	0.839166
1.630000	0.851428
1.640000	0.881844
1.650000	0.861200
1.660000	0.878395
1.670000	0.860154
1.680000	0.864164
1.690000	0.872210
1.700000	0.889556
1.710000	0.879988
1.720000	0.851967
1.730000	0.844163
1.740000	0.861986
1.750000	0.888628
1.760000	0.853189
1.770000	0.846169
1.780000	0.848887
1.790000	0.841122
1.800000	0.854073
1.810000	0.858502
1.820000	0.838957
1.830000	0.835088
1.840000	0.839046
1.850000	0.859495
1.860000	0.868728
1.870000	0.858529
1.880000	0.841602
1.890000	0.830512
1.900000	0.846899
1.910000	0.861418
1.920000	0.865035
1.930000	0.815311
1.940000	0.794951
1.950000	0.844427
1.960000	0.848245
1.970000	0.823330
1.980000	0.806010
1.990000	0.802423
2.000000	0.818823
2.010000	0.822334
2.020000	0.822876
2.030000	0.806150
2.040000	0.824322
2.050000	0.816257
2.060000	0.819804
2.070000	0.813447
2.080000	0.807051
2.090000	0.836528
2.100000	0.804000
2.110000	0.796506
2.120000	0.818579
2.130000	0.832911
2.140000	0.800271
2.150000	0.781340
2.160000	0.789687
2.170000	0.798001
2.180000	0.796568
2.190000	0.768893
2.200000	0.772236
2.210000	0.791346
2.220000	0.784728
2.230000	0.785305
2.240000	0.778393
2.250000	0.760787
2.260000	0.790284
2.270000	0.771784
2.280000	0.761408
2.290000	0.781384
2.300000	0.796997
2.310000	0.778113
2.320000	0.752241
2.330000	0.772338
2.340000	0.783638
2.350000	0.779265
2.360000	0.738281
2.370000	0.736558
2.380000	0.765545
2.390000	0.762451
2.400000	0.759056
2.410000	0.724363
2.420000	0.717047
2.430000	0.735690
2.440000	0.740332
2.450000	0.739616
2.460000	0.727879
2.470000	0.748494
2.480000	0.746528
2.490000	0.750776
2.500000	0.747229
2.510000	0.740858
2.520000	0.743949
2.530000	0.718555
2.540000	0.738546
2.550000	0.740163
2.560000	0.731480
2.570000	0.708627
2.580000	0.702996
2.590000	0.711260
2.600000	0.699726
2.610000	0.699387
2.620000	0.681820
2.630000	0.676343
2.640000	0.700443
2.650000	0.703603
2.660000	0.677588
2.670000	0.679173
2.680000	0.679294
2.690000	0.702372
2.700000	0.696218
2.710000	0.686818
2.720000	0.681213
2.730000	0.688435
2.740000	0.689133
2.750000	0.683775
2.760000	0.688454
2.770000	0.660529
2.780000	0.677480
2.790000	0.664127
2.800000	0.658503
2.810000	0.660500
2.820000	0.650806
2.830000	0.658353
2.840000	0.647959
2.850000	0.642242
2.860000	0.646442
2.870000	0.654658
2.880000	0.637118
2.890000	0.629104
2.900000	0.630037
2.910000	0.622395
2.920000	0.643036
2.930000	0.642005
2.940000	0.615841
2.950000	0.627308
2.960000	0.626851
2.970000	0.631197
2.980000	0.620500
2.990000	0.622301
3.000000	0.627383
3.010000	0.626012
3.020000	0.623592
3.030000	0.620072
3.040000	0.613426
3.050000	0.597358
3.060000	0.588768
3.070000	0.591302
3.080000	0.605875
3.090000	0.602694
3.100000	0.588803
3.110000	0.573281
3.120000	0.587901
3.130000	0.595386
3.140000	0.582526
3.150000	0.557296
3.160000	0.559733
3.170000	0.588420
3.180000	0.589386
3.190000	0.578137
3.200000	0.549927
3.210000	0.568703
3.220000	0.571023
3.230000	0.561341
3.240000	0.562662
3.250000	0.556585
3.260000	0.558928
3.270000	0.561080
3.280000	0.554194
3.290000	0.536413
3.300000	0.548400
3.310000	0.544040
3.320000	0.525408
3.330000	0.535100
3.340000	0.550493
3.350000	0.543223
3.360000	0.526256
3.370000	0.512321
3.380000	0.531749
3.390000	0.533714
3.400000	0.514532
3.410000	0.510953
3.420000	0.509299
3.430000	0.518598
3.440000	0.513676
3.450000	0.501313
3.460000	0.496081
3.470000	0.509068
3.480000	0.509683
3.490000	0.500366
3.500000	0.500931
3.510000	0.494997
3.520000	0.494165
3.530000	0.488933
3.540000	0.469493
3.550000	0.493949
3.560000	0.501037
3.570000	0.479311
3.580000	0.465628
3.590000	0.470969
3.600000	0.483391
3.610000	0.479039
3.620000	0.483759
3.630000	0.459543
3.640000	0.469198
3.650000	0.470273
3.660000	0.472202
3.670000	0.462601
3.680000	0.445871
3.690000	0.452323
3.700000	0.443560
3.710000	0.447991
3.720000	0.458242
3.730000	0.453817
3.740000	0.436662
3.750000	0.430473
3.760000	0.437365
3.770000	0.441965
3.780000	0.436795
3.790000	0.433449
3.800000	0.428039
3.810000	0.439482
3.820000	0.439822
3.830000	0.431283
3.840000	0.420381
3.850000	0.410103
3.860000	0.419066
3.870000	0.422217
3.880000	0.419750
3.890000	0.403857
3.900000	0.405551
3.910000	0.412308
3.920000	0.394138
3.930000	0.393779
3.940000	0.392599
3.950000	0.389528
3.960000	0.397688
3.970000	0.399313
3.980000	0.397018
3.990000	0.384585
4.000000	0.390203
4.010000	0.384524
4.020000	0.382532
4.030000	0.375773
4.040000	0.375452
4.050000	0.380876
4.060000	0.362120
4.070000	0.364965
4.080000	0.359195
4.090000	0.355564
4.100000	0.357100
4.110000	0.347754
4.120000	0.347773
4.130000	0.352915
4.140000	0.350029
4.150000	0.340365
4.160000	0.342852
4.170000	0.342279
4.180000	0.341392
4.190000	0.346322
4.200000	0.337604
4.210000	0.338067
4.220000	0.340833
4.230000	0.329030
4.240000	0.325800
4.250000	0.334467
4.260000	0.329796
4.270000	0.320733
4.280000	0.311992
4.290000	0.315601
4.300000	0.312555
4.310000	0.309819
4.320000	0.298052
4.330000	0.295360
4.340000	0.305343
4.350000	0.308246
4.360000	0.305413
4.370010	0.285264
4.380010	0.290639
4.390010	0.300302
4.400010	0.299626
4.410010	0.288083
4.420010	0.286791
4.430010	0.291677
4.440010	0.289713
4.450010	0.289849
4.460010	0.281568
4.470010	0.280913
4.480010	0.279905
4.490010	0.271222
4.500010	0.272649
4.510010	0.278870
4.520010	0.268114
4.530010	0.266478
4.540010	0.258084
4.550010	0.256682
4.560010	0.258592
4.570010	0.258909
4.580010	0.247478
4.590010	0.251685
4.600010	0.259386
4.610010	0.255578
4.620010	0.248558
4.630010	0.241365
4.640010	0.246891
4.650010	0.246830
4.660010	0.242447
4.670010	0.240087
4.680010	0.239031
4.690010	0.237038
4.700010	0.237400
4.710010	0.229827
4.720010	0.226098
4.730010	0.227950
4.740010	0.226283
4.750010	0.222075
4.760010	0.220891
4.770010	0.225391
4.780010	0.219608
4.790010	0.217876
4.800010	0.213637
4.810020	0.216624
4.820020	0.216811
4.830020	0.212930
4.840020	0.207039
4.850020	0.203739
4.860020	0.206817
4.870020	0.204175
4.880020	0.206009
4.890020	0.201519
4.900020	0.194366
4.910020	0.195715
4.920020	0.196103
4.930020	0.194270
4.940020	0.191875
4.950020	0.191841
4.960020	0.187259
4.970020	0.187747
4.980020	0.190350
4.990020	0.192564
5.000020	0.183761
5.010020	0.180069
5.020020	0.179807
5.030020	0.182036
5.040020	0.181810
5.050020	0.178971
5.060020	0.172953
5.070020	0.171055
5.080020	0.173448
5.090020	0.173349
5.100020	0.170648
5.110020	0.162836
5.120020	0.162548
5.130020	0.167127
5.140020	0.166638
5.150020	0.163705
5.160020	0.158419
5.170020	0.156747
5.180020	0.158726
5.190020	0.155165
5.200020	0.154230
5.210020	0.151497
5.220020	0.150543
5.230020	0.152195
5.240030	0.149524
5.250030	0.145071
5.260030	0.146101
5.270030	0.143954
5.280030	0.138313
5.290030	0.140689
5.300030	0.142730
5.310030	0.142294
5.320030	0.138403
5.330030	0.134676
5.340030	0.135416
5.350030	0.134592
5.360030	0.131354
5.370030	0.131697
5.380030	0.128623
5.390030	0.129471
5.400030	0.129885
5.410030	0.126197
5.420030	0.124519
5.430030	0.125516
5.440030	0.123854
5.450030	0.120897
5.460030	0.119574
5.470030	0.120843
5.480030	0.120946
5.490030	0.117915
5.500030	0.113345
5.510030	0.116550
5.520030	0.116106
5.530030	0.112749
5.540030	0.108664
5.550030	0.107940
5.560030	0.111757
5.570030	0.109634
5.580030	0.108422
5.590030	0.103629
5.600030	0.104064
5.610030	0.106227
5.620030	0.104525
5.630030	0.100821
5.640030	0.100701
5.650030	0.102627
5.660030	0.100793
5.670030	0.101285
5.680040	0.100463
5.690040	0.099079
5.700040	0.097830
5.710040	0.094996
5.720040	0.095921
5.730040	0.096851
5.740040	0.093434
5.750040	0.091745
5.760040	0.090140
5.770040	0.090731
5.780040	0.091317
5.790040	0.089085
5.800040	0.085736
5.810040	0.085194
5.820040	0.086938
5.830040	0.085170
5.840040	0.084130
5.850040	0.082584
5.860040	0.083523
5.870040	0.084077
5.880040	0.080546
5.890040	0.081032
5.900040	0.080440
5.910040	0.079916
5.920040	0.079085
5.930040	0.078257
5.940040	0.077300
5.950040	0.076160
5.960040	0.075701
5.970040	0.074434
5.980040	0.072602
5.990040	0.072649
6.000040	0.071340
6.010040	0.070099
6.020040	0.068683
6.030040	0.068749
6.040040	0.068677
6.050040	0.066712
6.060040	0.066357
6.070040	0.064795
6.080040	0.065694
6.090040	0.064297
6.100040	0.065192
6.110040	0.064170
6.120050	0.062504
6.130050	0.063136
6.140050	0.062119
6.150050	0.061741
6.160050	0.060713
6.170050	0.060193
6.180050	0.059098
6.190050	0.058801
6.200050	0.058123
6.210050	0.058296
6.220050	0.056742
6.230050	0.054826
6.240050	0.054344
6.250050	0.054322
6.260050	0.053337
6.270050	0.053974
6.280050	0.052964
6.290050	0.051654
6.300050	0.053290
6.310050	0.053037
6.320050	0.051978
6.330050	0.049477
6.340050	0.049397
6.350050	0.050400
6.360050	0.049882
6.370050	0.048140
6.380050	0.046716
6.390050	0.047176
6.400050	0.046594
6.410050	0.045874
6.420050	0.045062
6.430050	0.044043
6.440050	0.043958
6.450050	0.043823
6.460050	0.043621
6.470050	0.042756
6.480050	0.042898
6.490050	0.041959
6.500050	0.040810
6.510050	0.040789
6.520050	0.040857
6.530050	0.040556
6.540050	0.038714
6.550060	0.038086
6.560060	0.038760
6.570060	0.037977
6.580060	0.037133
6.590060	0.036367
6.600060	0.035705
6.610060	0.035963
6.620060	0.035040
6.630060	0.034292
6.640060	0.034171
6.650060	0.034271
6.660060	0.033863
6.670060	0.033067
6.680060	0.032609
6.690060	0.033158
6.700060	0.033007
6.710060	0.031209
6.720060	0.030645
6.730060	0.031269
6.740060	0.031358
6.750060	0.030555
6.760060	0.029109
6.770060	0.029273
6.780060	0.029466
6.790060	0.028633
6.800060	0.028448
6.810060	0.027638
6.820060	0.027758
6.830060	0.028102
6.840060	0.027936
6.850060	0.026925
6.860060	0.026497
6.870060	0.026281
6.880060	0.025880
6.890060	0.025687
6.900060	0.025599
6.910060	0.025867
6.920060	0.024729
6.930060	0.024070
6.940060	0.024545
6.950060	0.024009
6.960060	0.023394
6.970060	0.022704
6.980060	0.022301
6.990070	0.022561
7.000070	0.022568
7.010070	0.021868
7.020070	0.021324
7.030070	0.020723
7.040070	0.020754
7.050070	0.020694
7.060070	0.020256
7.070070	0.020166
7.080070	0.020189
7.090070	0.020147
7.100070	0.019461
7.110070	0.019346
7.120070	0.019092
7.130070	0.018949
7.140070	0.018573
7.150070	0.018500
7.160070	0.018439
7.170070	0.018127
7.180070	0.018063
7.190070	0.017745
7.200070	0.017154
7.210070	0.017014
7.220070	0.017037
7.230070	0.016599
7.240070	0.016402
7.250070	0.016104
7.260070	0.016132
7.270070	0.015809
7.280070	0.015789
7.290070	0.015523
7.300070	0.015528
7.310070	0.015299
7.320070	0.015277
7.330070	0.015100
7.340070	0.014543
7.350070	0.014584
7.360070	0.014475
7.370070	0.014403
7.380070	0.014229
7.390070	0.014020
7.400070	0.013826
7.410070	0.013487
7.420070	0.013290
7.430080	0.013437
7.440080	0.013418
7.450080	0.012914
7.460080	0.012692
7.470080	0.012828
7.480080	0.012772
7.490080	0.012473
7.500080	0.012097
7.510080	0.011651
7.520080	0.011800
7.530080	0.011898
7.540080	0.011777
7.550080	0.011258
7.560080	0.011135
7.570080	0.011329
7.580080	0.011022
7.590080	0.010755
7.600080	0.010616
7.610080	0.010797
7.620080	0.010642
7.630080	0.010415
7.640080	0.010282
7.650080	0.010111
7.660080	0.009934
7.670080	0.009775
7.680080	0.009590
7.690080	0.009505
7.700080	0.009533
7.710080	0.009244
7.720080	0.009060
7.730080	0.008940
7.740080	0.008729
7.750080	0.008561
7.760080	0.008333
7.770080	0.008092
7.780080	0.008468
7.790080	0.008299
7.800080	0.007965
7.810080	0.007959
7.820080	0.007905
7.830080	0.007802
7.840080	0.007562
7.850080	0.007524
7.860090	0.007453
7.870090	0.007462
7.880090	0.007261
7.890090	0.007010
7.900090	0.006940
7.910090	0.006935
7.920090	0.006928
7.930090	0.006614
7.940090	0.006478
7.950090	0.006582
7.960090	0.006498
7.970090	0.006336
7.980090	0.006187
7.990090	0.006274
8.000090	0.006297
8.010090	0.006184
8.020090	0.006093
8.030090	0.005945
8.040090	0.005923
8.050090	0.005871
8.060090	0.005801
8.070090	0.005730
8.080090	0.005577
8.090090	0.005530
8.100090	0.005501
8.110090	0.005400
8.120090	0.005252
8.130090	0.005181
8.140090	0.005102
8.150090	0.004984
8.160090	0.005127
8.170090	0.005118
8.180090	0.004937
8.190090	0.004775
8.200090	0.004748
8.210090	0.004804
8.220090	0.004683
8.230090	0.004607
8.240090	0.004516
8.250090	0.004435
8.260090	0.004495
8.270090	0.004456
8.280090	0.004325
8.290090	0.004204
8.300090	0.004151
8.310090	0.004141
8.320100	0.004083
8.330100	0.004087
8.340100	0.003990
8.350100	0.003940
8.360100	0.003865
8.370100	0.003746
8.380100	0.003725
8.390100	0.003694
8.400100	0.003660
8.410100	0.003621
8.420100	0.003590
8.430100	0.003498
8.440100	0.003490
8.450100	0.003470
8.460100	0.003325
8.470100	0.003283
8.480100	0.003322
8.490100	0.003264
8.500100	0.003200
8.510100	0.003133
8.520100	0.003126
8.530100	0.003052
8.540100	0.003026
8.550100	0.002993
8.560100	0.002923
8.570100	0.002934
8.580100	0.002915
8.590100	0.002895
8.600100	0.002832
8.610100	0.002828
8.620100	0.002817
8.630100	0.002733
8.640100	0.002707
8.650100	0.002703
8.660100	0.002687
8.670100	0.002566
8.680100	0.002528
8.690100	0.002534
8.700100	0.002549
8.710100	0.002489
8.720100	0.002363
8.730100	0.002351
8.740100	0.002354
8.750100	0.002317
8.760110	0.002267
8.770110	0.002238
8.780110	0.002210
8.790110	0.002259
8.800110	0.002220
8.810110	0.002155
8.820110	0.002107
8.830110	0.002109
8.840110	0.002079
8.850110	0.002013
8.860110	0.002013
8.870110	0.002002
8.880110	0.001951
8.890110	0.001906
8.900110	0.001897
8.910110	0.001843
8.920110	0.001809
8.930110	0.001748
8.940110	0.001705
8.950110	0.001716
8.960110	0.001693
8.970110	0.001649
8.980110	0.001597
8.990110	0.001559
9.000110	0.001574
9.010110	0.001526
9.020110	0.001493
9.030110	0.001475
9.040110	0.001467
9.050110	0.001450
9.060110	0.001393
9.070110	0.001373
9.080110	0.001364
9.090110	0.001339
9.100110	0.001279
9.110110	0.001276
9.120110	0.001272
9.130110	0.001250
9.140110	0.001239
9.150110	0.001201
9.160110	0.001155
9.170110	0.001160
9.180110	0.001162
9.190110	0.001124
9.200120	0.001089
9.210120	0.001076
9.220120	0.001066
9.230120	0.001030
9.240120	0.001011
9.250120	0.000989
9.260120	0.000972
9.270120	0.000956
9.280120	0.000928
9.290120	0.000930
9.300120	0.000900
9.310120	0.000895
9.320120	0.000890
9.330120	0.000870
9.340120	0.000848
9.350120	0.000830
9.360120	0.000820
9.370120	0.000795
9.380120	0.000794
9.390120	0.000772
9.400120	0.000754
9.410120	0.000735
9.420120	0.000716
9.430120	0.000723
9.440120	0.000695
9.450120	0.000669
9.460120	0.000661
9.470120	0.000649
9.480120	0.000647
9.490120	0.000643
9.500120	0.000633
9.510120	0.000603
9.520120	0.000597
9.530120	0.000604
9.540120	0.000584
9.550120	0.000574
9.560120	0.000557
9.570120	0.000552
9.580120	0.000547
9.590120	0.000531
9.600120	0.000528
9.610120	0.000516
9.620120	0.000503
9.630130	0.000493
9.640130	0.000488
9.650130	0.000481
9.660130	0.000478
9.670130	0.000474
9.680130	0.000452
9.690130	0.000451
9.700130	0.000446
9.710130	0.000441
9.720130	0.000431
9.730130	0.000412
9.740130	0.000420
9.750130	0.000417
9.760130	0.000405
9.770130	0.000398
9.780130	0.000395
9.790130	0.000388
9.800130	0.000376
9.810130	0.000375
9.820130	0.000363
9.830130	0.000357
9.840130	0.000353
9.850130	0.000341
9.860130	0.000338
9.870130	0.000335
9.880130	0.000333
9.890130	0.000316
9.900130	0.000311
9.910130	0.000312
9.920130	0.000311
9.930130	0.000305
9.940130	0.000288
9.950130	0.000292
9.960130	0.000291
9.970130	0.000281
9.980130	0.000278
9.990130	0.000269
