0.000000	1.000000
0.010000	0.343777
0.020000	0.375055
0.030000	0.537021
0.040000	0.351573
0.050000	0.382569
0.060000	0.521827
0.070000	0.377486
0.080000	0.311980
0.090000	0.554710
0.100000	0.435533
0.110000	0.315298
0.120000	0.460554
0.130000	0.501116
0.140000	0.300889
0.150000	0.435553
0.160000	0.468390
0.170000	0.364089
0.180000	0.485177
0.190000	0.493638
0.200000	0.326489
0.210000	0.445541
0.220000	0.584047
0.230000	0.303420
0.240000	0.439182
0.250000	0.478447
0.260000	0.344576
0.270000	0.395771
0.280000	0.510421
0.290000	0.387113
0.300000	0.368232
0.310000	0.485154
0.320000	0.331594
0.330000	0.397498
0.340000	0.488180
0.350000	0.403641
0.360000	0.355232
0.370000	0.519656
0.380000	0.430216
0.390000	0.303871
0.400000	0.464644
0.410000	0.429874
0.420000	0.325128
0.430000	0.460312
0.440000	0.457820
0.450000	0.315630
0.460000	0.483265
0.470000	0.437202
0.480000	0.365953
0.490000	0.406994
0.500000	0.495992
0.510000	0.334802
0.520000	0.383391
0.530000	0.517385
0.540000	0.363576
0.550000	0.460846
0.560000	0.469909
0.570000	0.424654
0.580000	0.373231
0.590000	0.544031
0.600000	0.385735
0.610000	0.389610
0.620000	0.434839
0.630000	0.370178
0.640000	0.372084
0.650000	0.485496
0.660000	0.388790
0.670000	0.360246
0.680000	0.467396
0.690000	0.420777
0.700000	0.338893
0.710000	0.510965
0.720000	0.451108
0.730000	0.339808
0.740000	0.426857
0.750000	0.446647
0.760000	0.357843
0.770000	0.475244
0.780000	0.489361
0.790000	0.324110
0.800000	0.441188
0.810000	0.475040
0.820000	0.356157
0.830000	0.375455
0.839999	0.459758
0.849999	0.359908
0.859999	0.399637
0.869999	0.541655
0.879999	0.428102
0.889999	0.366881
0.899999	0.498169
0.909999	0.341803
0.919999	0.371329
0.929999	0.470036
0.939999	0.432991
0.949999	0.350942
0.959999	0.439976
0.969999	0.401453
0.979999	0.310476
0.989999	0.464548
0.999999	0.370379
1.010000	0.355446
1.020000	0.464476
1.030000	0.428798
1.040000	0.402856
1.050000	0.479625
1.060000	0.446502
1.070000	0.382265
1.080000	0.431728
1.090000	0.390309
1.100000	0.354316
1.110000	0.437055
1.120000	0.523742
1.130000	0.351073
1.140000	0.385343
1.150000	0.466087
1.160000	0.364815
1.170000	0.363888
1.180000	0.479889
1.190000	0.341117
1.200000	0.363441
1.210000	0.482836
1.220000	0.365502
1.230000	0.353290
1.240000	0.448703
1.250000	0.417274
1.260000	0.378934
1.270000	0.482417
1.280000	0.408619
1.290000	0.326311
1.300000	0.420336
1.310000	0.415917
1.320000	0.344750
1.330000	0.426664
1.340000	0.455936
1.350000	0.345742
1.360000	0.383929
1.370000	0.397208
1.380000	0.357333
1.390000	0.414101
1.400000	0.440956
1.410000	0.355890
1.420000	0.441166
1.430000	0.480359
1.440000	0.325916
1.450000	0.356079
1.460000	0.461645
1.470000	0.323217
1.480000	0.365329
1.490000	0.437338
1.500000	0.389048
1.510000	0.347297
1.520000	0.413532
1.530000	0.388401
1.540000	0.321342
1.550000	0.451409
1.560000	0.361609
1.570000	0.291349
1.580000	0.461193
1.590000	0.369965
1.600000	0.340307
1.610000	0.475300
1.620000	0.474869
1.630000	0.311895
1.640000	0.384777
1.650000	0.473907
1.660000	0.316180
1.670000	0.352124
1.680000	0.417234
1.690000	0.320119
1.700000	0.358770
1.710000	0.418693
1.720000	0.323752
1.730000	0.375618
1.740000	0.408014
1.750000	0.338318
1.760000	0.357989
1.770000	0.462439
1.780000	0.354941
1.790000	0.329036
1.800000	0.409210
1.810000	0.341659
1.820000	0.357529
1.830000	0.425615
1.840000	0.356899
1.850000	0.314514
1.860000	0.469489
1.870000	0.381347
1.880000	0.288433
1.890000	0.416267
1.900000	0.373743
1.910000	0.286041
1.920000	0.429073
1.930000	0.392610
1.940000	0.320141
1.950000	0.356720
1.960000	0.420491
1.970000	0.307031
1.980000	0.362859
1.990000	0.445747
2.000000	0.292196
2.010000	0.357819
2.020000	0.372446
2.030000	0.330270
2.040000	0.324637
2.050000	0.404575
2.060000	0.335258
2.070000	0.314247
2.080000	0.423215
2.090000	0.320323
2.100000	0.292026
2.110000	0.393470
2.120000	0.318434
2.130000	0.280921
2.140000	0.374122
2.150000	0.374932
2.160000	0.267296
2.170000	0.366464
2.180000	0.330519
2.190000	0.298103
2.200000	0.390449
2.210000	0.352161
2.220000	0.279149
2.230000	0.349369
2.240000	0.338836
2.250000	0.261596
2.260000	0.334005
2.270000	0.367583
2.280000	0.302450
2.290000	0.320306
2.300000	0.365773
2.310000	0.270100
2.320000	0.311832
2.330000	0.349336
2.340000	0.260141
2.350000	0.287434
2.360000	0.371460
2.370000	0.277338
2.380000	0.248979
2.390000	0.357369
2.400000	0.276154
2.410000	0.239183
2.420000	0.353071
2.430000	0.259820
2.440000	0.242055
2.450000	0.374638
2.460000	0.333703
2.470000	0.270872
2.480000	0.339493
2.490000	0.281195
2.500000	0.260597
2.510000	0.283480
2.520000	0.298839
2.530000	0.231463
2.540000	0.325562
2.550000	0.320255
2.560000	0.254503
2.570000	0.324257
2.580000	0.292116
2.590000	0.231211
2.600000	0.258346
2.610000	0.309046
2.620000	0.218164
2.630000	0.306172
2.640000	0.292167
2.650000	0.255178
2.660000	0.278634
2.670000	0.334227
2.680000	0.229703
2.690000	0.253016
2.700000	0.304331
2.710000	0.237649
2.720000	0.243421
2.730000	0.321242
2.740000	0.259332
2.750000	0.221717
2.760000	0.270976
2.770000	0.261750
2.780000	0.225395
2.790000	0.291329
2.800000	0.281153
2.810000	0.214765
2.820000	0.278960
2.830000	0.276625
2.840000	0.204870
2.850000	0.307880
2.860000	0.286978
2.870000	0.201642
2.880000	0.271403
2.890000	0.269784
2.900000	0.216987
2.910000	0.256932
2.920000	0.290118
2.930000	0.228529
2.940000	0.262342
2.950000	0.269598
2.960000	0.222409
2.970000	0.234202
2.980000	0.302409
2.990000	0.231876
3.000000	0.246054
3.010000	0.281710
3.020000	0.231161
3.030000	0.219461
3.040000	0.286257
3.050000	0.249387
3.060000	0.193584
3.070000	0.271256
3.080000	0.267373
3.090000	0.205510
3.100000	0.273135
3.110000	0.251999
3.120000	0.180809
3.130000	0.271797
3.140000	0.239601
3.150000	0.195573
3.160000	0.224740
3.170000	0.245101
3.180000	0.197408
3.190000	0.199089
3.200000	0.245320
3.210000	0.181777
3.220000	0.198714
3.230000	0.253078
3.240000	0.189056
3.250000	0.212735
3.260000	0.259013
3.270000	0.190901
3.280000	0.191054
3.290000	0.224654
3.300000	0.200140
3.310000	0.176316
3.320000	0.254719
3.330000	0.209347
3.340000	0.186940
3.350000	0.232325
3.360000	0.198837
3.370000	0.186123
3.380000	0.222909
3.390000	0.219691
3.400000	0.182672
3.410000	0.205213
3.420000	0.204420
3.430000	0.180954
3.440000	0.213354
3.450000	0.200163
3.460000	0.143700
3.470000	0.226590
3.480000	0.216313
3.490000	0.166136
3.500000	0.189530
3.510000	0.222253
3.520000	0.177938
3.530000	0.172838
3.540000	0.208305
3.550000	0.156814
3.560000	0.184071
3.570000	0.213771
3.580000	0.164574
3.590000	0.156917
3.600000	0.224173
3.610000	0.177048
3.620000	0.131215
3.630000	0.187916
3.640000	0.176656
3.650000	0.155002
3.660000	0.185148
3.670000	0.162124
3.680000	0.162512
3.690000	0.194168
3.700000	0.199870
3.710000	0.134793
3.720000	0.175582
3.730000	0.178184
3.740000	0.139937
3.750000	0.177441
3.760000	0.165722
3.770000	0.140204
3.780000	0.170516
3.790000	0.184096
3.800000	0.136617
3.810000	0.145414
3.820000	0.177891
3.830000	0.150173
3.840000	0.146277
3.850000	0.190387
3.860000	0.137186
3.870000	0.145655
3.880000	0.180119
3.890000	0.154192
3.900000	0.137405
3.910000	0.175886
3.920000	0.145954
3.930000	0.124012
3.940000	0.164837
3.950000	0.156491
3.960000	0.131673
3.970000	0.175114
3.980000	0.158458
3.990000	0.115896
4.000000	0.152256
4.010000	0.135401
4.020000	0.116509
4.030000	0.135404
4.040000	0.156755
4.050000	0.127960
4.060000	0.145156
4.070000	0.145893
4.080000	0.113027
4.090000	0.142108
4.100000	0.155581
4.110000	0.119275
4.120000	0.127489
4.130000	0.149393
4.140000	0.118228
4.150000	0.126554
4.160000	0.147794
4.170000	0.122499
4.180000	0.124687
4.190000	0.151525
4.200000	0.121872
4.210000	0.114645
4.220000	0.143124
4.230000	0.117992
4.240000	0.100755
4.250000	0.130221
4.260000	0.110048
4.270000	0.097281
4.280000	0.136782
4.290000	0.125186
4.300000	0.094681
4.310000	0.131793
4.320000	0.121671
4.330000	0.102734
4.340000	0.117410
4.350000	0.111555
4.360000	0.091787
4.370010	0.115161
4.380010	0.132505
4.390010	0.088651
4.400010	0.113046
4.410010	0.117305
4.420010	0.098022
4.430010	0.095614
4.440010	0.117423
4.450010	0.092855
4.460010	0.096796
4.470010	0.116273
4.480010	0.093048
4.490010	0.090259
4.500010	0.116105
4.510010	0.098373
4.520010	0.085214
4.530010	0.115351
4.540010	0.090877
4.550010	0.090817
4.560010	0.104970
4.570010	0.091699
4.580010	0.085737
4.590010	0.098464
4.600010	0.091014
4.610010	0.084206
4.620010	0.095707
4.630010	0.105344
4.640010	0.072785
4.650010	0.096895
4.660010	0.097301
4.670010	0.069844
4.680010	0.093314
4.690010	0.091372
4.700010	0.069458
4.710010	0.086938
4.720010	0.099337
4.730010	0.078527
4.740010	0.079649
4.750010	0.094954
4.760010	0.076278
4.770010	0.077409
4.780010	0.088196
4.790010	0.074450
4.800010	0.068790
4.810020	0.088193
4.820020	0.072700
4.830020	0.068719
4.840020	0.085821
4.850020	0.072378
4.860020	0.068765
4.870020	0.082711
4.880020	0.075971
4.890020	0.062161
4.900020	0.084495
4.910020	0.073803
4.920020	0.061145
4.930020	0.081338
4.940020	0.074509
4.950020	0.061465
4.960020	0.073129
4.970020	0.069649
4.980020	0.060073
4.990020	0.067377
5.000020	0.082548
5.010020	0.060687
5.020020	0.066864
5.030020	0.076538
5.040020	0.058416
5.050020	0.062811
5.060020	0.071398
5.070020	0.059362
5.080020	0.059843
5.090020	0.079609
5.100020	0.060965
5.110020	0.058222
5.120020	0.073911
5.130020	0.057889
5.140020	0.054466
5.150020	0.059685
5.160020	0.059163
5.170020	0.050048
5.180020	0.064250
5.190020	0.061723
5.200020	0.047880
5.210020	0.058941
5.220020	0.064086
5.230020	0.045413
5.240030	0.056115
5.250030	0.063562
5.260030	0.046997
5.270030	0.055096
5.280030	0.060670
5.290030	0.045588
5.300030	0.054001
5.310030	0.059777
5.320030	0.040515
5.330030	0.048805
5.340030	0.056893
5.350030	0.046819
5.360030	0.044170
5.370030	0.056564
5.380030	0.047235
5.390030	0.042608
5.400030	0.051844
5.410030	0.044227
5.420030	0.039140
5.430030	0.052234
5.440030	0.042240
5.450030	0.042422
5.460030	0.051822
5.470030	0.049287
5.480030	0.038529
5.490030	0.046224
5.500030	0.046149
5.510030	0.036667
5.520030	0.044110
5.530030	0.048147
5.540030	0.036470
5.550030	0.044560
5.560030	0.045574
5.570030	0.036174
5.580030	0.043459
5.590030	0.047339
5.600030	0.037648
5.610030	0.040344
5.620030	0.047494
5.630030	0.033984
5.640030	0.036592
5.650030	0.045236
5.660030	0.033323
5.670030	0.032124
5.680040	0.039540
5.690040	0.032593
5.700040	0.030748
5.710040	0.045408
5.720040	0.034537
5.730040	0.029262
5.740040	0.039716
5.750040	0.033866
5.760040	0.030387
5.770040	0.032830
5.780040	0.036117
5.790040	0.027633
5.800040	0.037786
5.810040	0.037539
5.820040	0.026318
5.830040	0.032847
5.840040	0.034450
5.850040	0.023589
5.860040	0.030313
5.870040	0.033165
5.880040	0.025170
5.890040	0.028885
5.900040	0.033524
5.910040	0.026205
5.920040	0.028878
5.930040	0.039027
5.940040	0.025765
5.950040	0.029004
5.960040	0.033242
5.970040	0.026093
5.980040	0.024053
5.990040	0.030653
6.000040	0.026540
6.010040	0.023262
6.020040	0.030442
6.030040	0.025955
6.040040	0.021573
6.050040	0.027840
6.060040	0.027480
6.070040	0.020855
6.080040	0.025725
6.090040	0.023718
6.100040	0.018519
6.110040	0.025893
6.120050	0.025897
6.130050	0.019225
6.140050	0.024462
6.150050	0.029951
6.160050	0.020998
6.170050	0.023273
6.180050	0.026014
6.190050	0.019796
6.200050	0.022295
6.210050	0.022537
6.220050	0.018634
6.230050	0.019817
6.240050	0.025806
6.250050	0.017874
6.260050	0.019437
6.270050	0.022848
6.280050	0.017580
6.290050	0.016969
6.300050	0.023544
6.310050	0.018581
6.320050	0.017624
6.330050	0.026005
6.340050	0.019792
6.350050	0.015589
6.360050	0.022190
6.370050	0.019655
6.380050	0.015366
6.390050	0.020830
6.400050	0.017474
6.410050	0.015791
6.420050	0.020282
6.430050	0.019384
6.440050	0.014384
6.450050	0.018127
6.460050	0.018971
6.470050	0.014950
6.480050	0.016705
6.490050	0.017967
6.500050	0.013951
6.510050	0.015715
6.520050	0.018796
6.530050	0.014180
6.540050	0.015163
6.550060	0.018086
6.560060	0.010804
6.570060	0.013159
6.580060	0.016539
6.590060	0.013937
6.600060	0.016595
6.610060	0.016116
6.620060	0.012553
6.630060	0.013439
6.640060	0.014446
6.650060	0.013497
6.660060	0.012418
6.670060	0.014794
6.680060	0.014048
6.690060	0.012063
6.700060	0.014434
6.710060	0.012759
6.720060	0.011279
6.730060	0.012428
6.740060	0.013126
6.750060	0.009814
6.760060	0.012544
6.770060	0.014488
6.780060	0.010407
6.790060	0.012087
6.800060	0.012339
6.810060	0.010118
6.820060	0.011102
6.830060	0.012717
6.840060	0.010121
6.850060	0.010003
6.860060	0.012253
6.870060	0.010809
6.880060	0.009674
6.890060	0.011586
6.900060	0.010544
6.910060	0.008676
6.920060	0.011345
6.930060	0.009946
6.940060	0.009148
6.950060	0.010769
6.960060	0.010358
6.970060	0.008282
6.980060	0.010455
6.990070	0.009543
7.000070	0.008477
7.010070	0.009714
7.020070	0.008832
7.030070	0.008299
7.040070	0.008995
7.050070	0.010049
7.060070	0.007621
7.070070	0.009175
7.080070	0.009471
7.090070	0.006899
7.100070	0.007930
7.110070	0.021254
7.120070	0.007672
7.130070	0.007531
7.140070	0.008189
7.150070	0.006646
7.160070	0.006799
7.170070	0.008797
7.180070	0.006869
7.190070	0.006725
7.200070	0.008600
7.210070	0.007392
7.220070	0.006472
7.230070	0.007665
7.240070	0.007798
7.250070	0.005772
7.260070	0.006958
7.270070	0.006767
7.280070	0.005436
7.290070	0.007268
7.300070	0.006849
7.310070	0.006008
7.320070	0.006665
7.330070	0.007010
7.340070	0.005691
7.350070	0.006355
7.360070	0.006572
7.370070	0.005251
7.380070	0.005834
7.390070	0.006424
7.400070	0.005341
7.410070	0.005712
7.420070	0.006142
7.430080	0.005176
7.440080	0.005475
7.450080	0.005676
7.460080	0.004777
7.470080	0.004742
7.480080	0.005798
7.490080	0.004659
7.500080	0.004228
7.510080	0.005410
7.520080	0.004361
7.530080	0.004409
7.540080	0.004919
7.550080	0.005114
7.560080	0.004190
7.570080	0.005458
7.580080	0.004736
7.590080	0.003899
7.600080	0.004360
7.610080	0.004163
7.620080	0.003759
7.630080	0.004077
7.640080	0.004170
7.650080	0.003796
7.660080	0.004100
7.670080	0.004384
7.680080	0.003449
7.690080	0.003638
7.700080	0.004478
7.710080	0.003377
7.720080	0.003571
7.730080	0.003675
7.740080	0.003512
7.750080	0.003295
7.760080	0.004412
7.770080	0.003543
7.780080	0.003055
7.790080	0.003807
7.800080	0.003277
7.810080	0.003155
7.820080	0.003489
7.830080	0.003224
7.840080	0.002893
7.850080	0.003521
7.860090	0.003169
7.870090	0.002655
7.880090	0.003080
7.890090	0.002975
7.900090	0.002634
7.910090	0.002804
7.920090	0.003048
7.930090	0.002607
7.940090	0.002833
7.950090	0.003000
7.960090	0.002257
7.970090	0.002602
7.980090	0.002905
7.990090	0.002122
8.000090	0.002379
8.010090	0.002863
8.020090	0.002244
8.030090	0.002190
8.040090	0.002534
8.050090	0.002302
8.060090	0.001984
8.070090	0.002415
8.080090	0.002322
8.090090	0.001852
8.100090	0.002391
8.110090	0.002225
8.120090	0.001849
8.130090	0.002147
8.140090	0.002078
8.150090	0.001756
8.160090	0.002241
8.170090	0.001979
8.180090	0.001692
8.190090	0.002059
8.200090	0.002099
8.210090	0.001668
8.220090	0.001853
8.230090	0.001999
8.240090	0.001504
8.250090	0.001804
8.260090	0.001836
8.270090	0.001446
8.280090	0.001733
8.290090	0.001869
8.300090	0.001575
8.310090	0.001445
8.320100	0.001649
8.330100	0.001348
8.340100	0.001320
8.350100	0.001736
8.360100	0.001376
8.370100	0.001302
8.380100	0.001713
8.390100	0.001346
8.400100	0.001243
8.410100	0.001509
8.420100	0.001317
8.430100	0.001231
8.440100	0.001419
8.450100	0.001342
8.460100	0.001144
8.470100	0.001449
8.480100	0.001295
8.490100	0.001020
8.500100	0.001278
8.510100	0.001306
8.520100	0.000987
8.530100	0.001151
8.540100	0.001193
8.550100	0.000909
8.560100	0.001070
8.570100	0.001166
8.580100	0.000931
8.590100	0.001056
8.600100	0.001170
8.610100	0.000945
8.620100	0.000889
8.630100	0.001117
8.640100	0.000849
8.650100	0.000924
8.660100	0.000999
8.670100	0.000776
8.680100	0.000807
8.690100	0.000994
8.700100	0.000791
8.710100	0.000788
8.720100	0.000964
8.730100	0.000860
8.740100	0.000729
8.750100	0.000849
8.760110	0.000774
8.770110	0.000659
8.780110	0.000857
8.790110	0.000739
8.800110	0.000680
8.810110	0.000807
8.820110	0.000846
8.830110	0.000631
8.840110	0.000727
8.850110	0.000710
8.860110	0.000629
8.870110	0.000706
8.880110	0.000753
8.890110	0.000622
8.900110	0.000600
8.910110	0.000698
8.920110	0.000613
8.930110	0.000597
8.940110	0.000733
8.950110	0.000570
8.960110	0.000534
8.970110	0.000686
8.980110	0.000544
8.990110	0.000521
9.000110	0.000640
9.010110	0.000524
9.020110	0.000471
9.030110	0.000557
9.040110	0.000509
9.050110	0.000456
9.060110	0.000519
9.070110	0.000484
9.080110	0.000398
9.090110	0.000495
9.100110	0.000480
9.110110	0.000412
9.120110	0.000474
9.130110	0.000450
9.140110	0.000370
9.150110	0.000445
9.160110	0.000481
9.170110	0.000340
9.180110	0.000403
9.190110	0.000447
9.200120	0.000333
9.210120	0.000342
9.220120	0.000423
9.230120	0.000335
9.240120	0.000362
9.250120	0.000436
9.260120	0.000334
9.270120	0.000371
9.280120	0.000384
9.290120	0.000327
9.300120	0.000312
9.310120	0.000370
9.320120	0.000327
9.330120	0.000288
9.340120	0.000361
9.350120	0.000330
9.360120	0.000279
9.370120	0.000328
9.380120	0.000313
9.390120	0.000268
9.400120	0.000325
9.410120	0.000296
9.420120	0.000258
9.430120	0.000283
9.440120	0.000287
9.450120	0.000237
9.460120	0.000272
9.470120	0.000270
9.480120	0.000224
9.490120	0.000263
9.500120	0.000257
9.510120	0.000214
9.520120	0.000224
9.530120	0.000278
9.540120	0.000218
9.550120	0.000209
9.560120	0.000249
9.570120	0.000200
9.580120	0.000196
9.590120	0.000222
9.600120	0.000199
9.610120	0.000185
9.620120	0.000230
9.630130	0.000222
9.640130	0.000180
9.650130	0.000210
9.660130	0.000195
9.670130	0.000168
9.680130	0.000206
9.690130	0.000192
9.700130	0.000165
9.710130	0.000191
9.720130	0.000182
9.730130	0.000148
9.740130	0.000164
9.750130	0.000174
9.760130	0.000150
9.770130	0.000169
9.780130	0.000174
9.790130	0.000146
9.800130	0.000152
9.810130	0.000170
9.820130	0.000140
9.830130	0.000136
9.840130	0.000173
9.850130	0.000141
9.860130	0.000129
9.870130	0.000151
9.880130	0.000129
9.890130	0.000122
9.900130	0.000146
9.910130	0.000126
9.920130	0.000117
9.930130	0.000140
9.940130	0.000124
9.950130	0.000108
9.960130	0.000116
9.970130	0.000119
9.980130	0.000096
9.990130	0.000121
