0.000000	1.000000
0.010000	0.762308
0.020000	0.827195
0.030000	0.831767
0.040000	0.824264
0.050000	0.869245
0.060000	0.807235
0.070000	0.815364
0.080000	0.826044
0.090000	0.822789
0.100000	0.856707
0.110000	0.851044
0.120000	0.816504
0.130000	0.845999
0.140000	0.848354
0.150000	0.836276
0.160000	0.822646
0.170000	0.848982
0.180000	0.831796
0.190000	0.793787
0.200000	0.828416
0.210000	0.859788
0.220000	0.867738
0.230000	0.805741
0.240000	0.802461
0.250000	0.835005
0.260000	0.875900
0.270000	0.896462
0.280000	0.813551
0.290000	0.811625
0.300000	0.859085
0.310000	0.800961
0.320000	0.868391
0.330000	0.795735
0.340000	0.804727
0.350000	0.856768
0.360000	0.806394
0.370000	0.859630
0.380000	0.811132
0.390000	0.843438
0.400000	0.839701
0.410000	0.835007
0.420000	0.812361
0.430000	0.870516
0.440000	0.792308
0.450000	0.842638
0.460000	0.839485
0.470000	0.820262
0.480000	0.898335
0.490000	0.807827
0.500000	0.832075
0.510000	0.844920
0.520000	0.835598
0.530000	0.872859
0.540000	0.817834
0.550000	0.825077
0.560000	0.833117
0.570000	0.846959
0.580000	0.857851
0.590000	0.840411
0.600000	0.806655
0.610000	0.820802
0.620000	0.818097
0.630000	0.846963
0.640000	0.826065
0.650000	0.839776
0.660000	0.837855
0.670000	0.791787
0.680000	0.797378
0.690000	0.878343
0.700000	0.832410
0.710000	0.814219
0.720000	0.829028
0.730000	0.838830
0.740000	0.834329
0.750000	0.839989
0.760000	0.830822
0.770000	0.859467
0.780000	0.796361
0.790000	0.806604
0.800000	0.849210
0.810000	0.824380
0.820000	0.829677
0.830000	0.809300
0.839999	0.812571
0.849999	0.811382
0.859999	0.834973
0.869999	0.804652
0.879999	0.818351
0.889999	0.810164
0.899999	0.813795
0.909999	0.866485
0.919999	0.850360
0.929999	0.838238
0.939999	0.800371
0.949999	0.825278
0.959999	0.837221
0.969999	0.807041
0.979999	0.799583
0.989999	0.843351
0.999999	0.822652
1.010000	0.830675
1.020000	0.823511
1.030000	0.846350
1.040000	0.815374
1.050000	0.798632
1.060000	0.817913
1.070000	0.828915
1.080000	0.796095
1.090000	0.793067
1.100000	0.846148
1.110000	0.771598
1.120000	0.813220
1.130000	0.790562
1.140000	0.851006
1.150000	0.829347
1.160000	0.768579
1.170000	0.863030
1.180000	0.786609
1.190000	0.858370
1.200000	0.788449
1.210000	0.775575
1.220000	0.832863
1.230000	0.794166
1.240000	0.806139
1.250000	0.801711
1.260000	0.791035
1.270000	0.836129
1.280000	0.821394
1.290000	0.814807
1.300000	0.795413
1.310000	0.785447
1.320000	0.813114
1.330000	0.780175
1.340000	0.787273
1.350000	0.776716
1.360000	0.785703
1.370000	0.827853
1.380000	0.765471
1.390000	0.808514
1.400000	0.802417
1.410000	0.774898
1.420000	0.811930
1.430000	0.770055
1.440000	0.796303
1.450000	0.785556
1.460000	0.796103
1.470000	0.761399
1.480000	0.746708
1.490000	0.832980
1.500000	0.789531
1.510000	0.810486
1.520000	0.765111
1.530000	0.792386
1.540000	0.813624
1.550000	0.775660
1.560000	0.767867
1.570000	0.760827
1.580000	0.774354
1.590000	0.778029
1.600000	0.770594
1.610000	0.750062
1.620000	0.780662
1.630000	0.773315
1.640000	0.766006
1.650000	0.762908
1.660000	0.753772
1.670000	0.793557
1.680000	0.765435
1.690000	0.764896
1.700000	0.763744
1.710000	0.760697
1.720000	0.787866
1.730000	0.751766
1.740000	0.742034
1.750000	0.788146
1.760000	0.774119
1.770000	0.746629
1.780000	0.779881
1.790000	0.742094
1.800000	0.765981
1.810000	0.750932
1.820000	0.738882
1.830000	0.762605
1.840000	0.725330
1.850000	0.739955
1.860000	0.744086
1.870000	0.741886
1.880000	0.755894
1.890000	0.713832
1.900000	0.719417
1.910000	0.754532
1.920000	0.736384
1.930000	0.725489
1.940000	0.748295
1.950000	0.716031
1.960000	0.769559
1.970000	0.740385
1.980000	0.717097
1.990000	0.731772
2.000000	0.708096
2.010000	0.713663
2.020000	0.753749
2.030000	0.717647
2.040000	0.701731
2.050000	0.741549
2.060000	0.724300
2.070000	0.699099
2.080000	0.727071
2.090000	0.704420
2.100000	0.723228
2.110000	0.678241
2.120000	0.683737
2.130000	0.722530
2.140000	0.712940
2.150000	0.703991
2.160000	0.691347
2.170000	0.694668
2.180000	0.715463
2.190000	0.705296
2.200000	0.716652
2.210000	0.694837
2.220000	0.689252
2.230000	0.723527
2.240000	0.667868
2.250000	0.691495
2.260000	0.711118
2.270000	0.689776
2.280000	0.683094
2.290000	0.675884
2.300000	0.681222
2.310000	0.721257
2.320000	0.679395
2.330000	0.663033
2.340000	0.687162
2.350000	0.674642
2.360000	0.673035
2.370000	0.660380
2.380000	0.655647
2.390000	0.678318
2.400000	0.662828
2.410000	0.694942
2.420000	0.667297
2.430000	0.630045
2.440000	0.670773
2.450000	0.648295
2.460000	0.650500
2.470000	0.649780
2.480000	0.631562
2.490000	0.676880
2.500000	0.648543
2.510000	0.665623
2.520000	0.656975
2.530000	0.666301
2.540000	0.631982
2.550000	0.648913
2.560000	0.652813
2.570000	0.630588
2.580000	0.636152
2.590000	0.629944
2.600000	0.635922
2.610000	0.635722
2.620000	0.610934
2.630000	0.611865
2.640000	0.628856
2.650000	0.610191
2.660000	0.637996
2.670000	0.586528
2.680000	0.630728
2.690000	0.603218
2.700000	0.586642
2.710000	0.639606
2.720000	0.591285
2.730000	0.612454
2.740000	0.593874
2.750000	0.591266
2.760000	0.617476
2.770000	0.611544
2.780000	0.586309
2.790000	0.622727
2.800000	0.553227
2.810000	0.567349
2.820000	0.631451
2.830000	0.578031
2.840000	0.548740
2.850000	0.558144
2.860000	0.586904
2.870000	0.573432
2.880000	0.586387
2.890000	0.546407
2.900000	0.569925
2.910000	0.570649
2.920000	0.569861
2.930000	0.552588
2.940000	0.568716
2.950000	0.556755
2.960000	0.549828
2.970000	0.537393
2.980000	0.561918
2.990000	0.543365
3.000000	0.558570
3.010000	0.520192
3.020000	0.527576
3.030000	0.547569
3.040000	0.536913
3.050000	0.540536
3.060000	0.526490
3.070000	0.513740
3.080000	0.530700
3.090000	0.520626
3.100000	0.496820
3.110000	0.512995
3.120000	0.516045
3.130000	0.512290
3.140000	0.537249
3.150000	0.489687
3.160000	0.507443
3.170000	0.519379
3.180000	0.530090
3.190000	0.499453
3.200000	0.495198
3.210000	0.504374
3.220000	0.505027
3.230000	0.485964
3.240000	0.502466
3.250000	0.501027
3.260000	0.488612
3.270000	0.502575
3.280000	0.483339
3.290000	0.482643
3.300000	0.503413
3.310000	0.477463
3.320000	0.468435
3.330000	0.476001
3.340000	0.467700
3.350000	0.482869
3.360000	0.461898
3.370000	0.480537
3.380000	0.465547
3.390000	0.455546
3.400000	0.479815
3.410000	0.460088
3.420000	0.458267
3.430000	0.461578
3.440000	0.461289
3.450000	0.466585
3.460000	0.447167
3.470000	0.446484
3.480000	0.449959
3.490000	0.431437
3.500000	0.442114
3.510000	0.458186
3.520000	0.444594
3.530000	0.429010
3.540000	0.436700
3.550000	0.440156
3.560000	0.448898
3.570000	0.413616
3.580000	0.419661
3.590000	0.427160
3.600000	0.424019
3.610000	0.415673
3.620000	0.413059
3.630000	0.434995
3.640000	0.396958
3.650000	0.416128
3.660000	0.400230
3.670000	0.407467
3.680000	0.417206
3.690000	0.412806
3.700000	0.406160
3.710000	0.403958
3.720000	0.412330
3.730000	0.393872
3.740000	0.402929
3.750000	0.385432
3.760000	0.386996
3.770000	0.390268
3.780000	0.388400
3.790000	0.373193
3.800000	0.388326
3.810000	0.388108
3.820000	0.373179
3.830000	0.379521
3.840000	0.357891
3.850000	0.386312
3.860000	0.366145
3.870000	0.364762
3.880000	0.375064
3.890000	0.346196
3.900000	0.365699
3.910000	0.364407
3.920000	0.353192
3.930000	0.367531
3.940000	0.349453
3.950000	0.347241
3.960000	0.356728
3.970000	0.342592
3.980000	0.362681
3.990000	0.348264
4.000000	0.330383
4.010000	0.347681
4.020000	0.329191
4.030000	0.336064
4.040000	0.337016
4.050000	0.324804
4.060000	0.327224
4.070000	0.317053
4.080000	0.321968
4.090000	0.316408
4.100000	0.327240
4.110000	0.309818
4.120000	0.304237
4.130000	0.318177
4.140000	0.307555
4.150000	0.312319
4.160000	0.305235
4.170000	0.321742
4.180000	0.300813
4.190000	0.300295
4.200000	0.299178
4.210000	0.304963
4.220000	0.299659
4.230000	0.288389
4.240000	0.292994
4.250000	0.289778
4.260000	0.292653
4.270000	0.288073
4.280000	0.295321
4.290000	0.275308
4.300000	0.277532
4.310000	0.287270
4.320000	0.281951
4.330000	0.279838
4.340000	0.260196
4.350000	0.274025
4.360000	0.278300
4.370010	0.269623
4.380010	0.262882
4.390010	0.268158
4.400010	0.270711
4.410010	0.268605
4.420010	0.254334
4.430010	0.264202
4.440010	0.258804
4.450010	0.251910
4.460010	0.255237
4.470010	0.247380
4.480010	0.254198
4.490010	0.255961
4.500010	0.239483
4.510010	0.247667
4.520010	0.238939
4.530010	0.246764
4.540010	0.257275
4.550010	0.230868
4.560010	0.230552
4.570010	0.231822
4.580010	0.229687
4.590010	0.229628
4.600010	0.226473
4.610010	0.223929
4.620010	0.221141
4.630010	0.225176
4.640010	0.220120
4.650010	0.224629
4.660010	0.218570
4.670010	0.223783
4.680010	0.214602
4.690010	0.211135
4.700010	0.217064
4.710010	0.207273
4.720010	0.204744
4.730010	0.209018
4.740010	0.206903
4.750010	0.203645
4.760010	0.203322
4.770010	0.195786
4.780010	0.199330
4.790010	0.198504
4.800010	0.199272
4.810020	0.191519
4.820020	0.184414
4.830020	0.187501
4.840020	0.188987
4.850020	0.182124
4.860020	0.181660
4.870020	0.179240
4.880020	0.179247
4.890020	0.181845
4.900020	0.180142
4.910020	0.184040
4.920020	0.172209
4.930020	0.171019
4.940020	0.177808
4.950020	0.167702
4.960020	0.172155
4.970020	0.168167
4.980020	0.165287
4.990020	0.167110
5.000020	0.167548
5.010020	0.163933
5.020020	0.165877
5.030020	0.156830
5.040020	0.162687
5.050020	0.162570
5.060020	0.156704
5.070020	0.149107
5.080020	0.153222
5.090020	0.151984
5.100020	0.147025
5.110020	0.146956
5.120020	0.152397
5.130020	0.146525
5.140020	0.142108
5.150020	0.148150
5.160020	0.144609
5.170020	0.142959
5.180020	0.140386
5.190020	0.139789
5.200020	0.139865
5.210020	0.137564
5.220020	0.136466
5.230020	0.140525
5.240030	0.131079
5.250030	0.131279
5.260030	0.138858
5.270030	0.132495
5.280030	0.131447
5.290030	0.122186
5.300030	0.125789
5.310030	0.128523
5.320030	0.123619
5.330030	0.120455
5.340030	0.119906
5.350030	0.119311
5.360030	0.121939
5.370030	0.122124
5.380030	0.115789
5.390030	0.119474
5.400030	0.115094
5.410030	0.116938
5.420030	0.113486
5.430030	0.113439
5.440030	0.113150
5.450030	0.105801
5.460030	0.106865
5.470030	0.111168
5.480030	0.106861
5.490030	0.105844
5.500030	0.108826
5.510030	0.099311
5.520030	0.107138
5.530030	0.102635
5.540030	0.100488
5.550030	0.100386
5.560030	0.094895
5.570030	0.098491
5.580030	0.096374
5.590030	0.096308
5.600030	0.094900
5.610030	0.091849
5.620030	0.093639
5.630030	0.095625
5.640030	0.090556
5.650030	0.090246
5.660030	0.089291
5.670030	0.086254
5.680040	0.090224
5.690040	0.088671
5.700040	0.086199
5.710040	0.084851
5.720040	0.083423
5.730040	0.084677
5.740040	0.085034
5.750040	0.081870
5.760040	0.083394
5.770040	0.080633
5.780040	0.080628
5.790040	0.078898
5.800040	0.078583
5.810040	0.078463
5.820040	0.076669
5.830040	0.074708
5.840040	0.077285
5.850040	0.073891
5.860040	0.074072
5.870040	0.074091
5.880040	0.071568
5.890040	0.073539
5.900040	0.070118
5.910040	0.070450
5.920040	0.069748
5.930040	0.067186
5.940040	0.067638
5.950040	0.067042
5.960040	0.066548
5.970040	0.064646
5.980040	0.064586
5.990040	0.065227
6.000040	0.064486
6.010040	0.059751
6.020040	0.062179
6.030040	0.060045
6.040040	0.062657
6.050040	0.058875
6.060040	0.059071
6.070040	0.057879
6.080040	0.057241
6.090040	0.057933
6.100040	0.055957
6.110040	0.057317
6.120050	0.054167
6.130050	0.056517
6.140050	0.054436
6.150050	0.052550
6.160050	0.054585
6.170050	0.050913
6.180050	0.052890
6.190050	0.052138
6.200050	0.049924
6.210050	0.051456
6.220050	0.050800
6.230050	0.050359
6.240050	0.048196
6.250050	0.048032
6.260050	0.050255
6.270050	0.048257
6.280050	0.047000
6.290050	0.046325
6.300050	0.044967
6.310050	0.046314
6.320050	0.045683
6.330050	0.045147
6.340050	0.043361
6.350050	0.042352
6.360050	0.044340
6.370050	0.042356
6.380050	0.040838
6.390050	0.042127
6.400050	0.040793
6.410050	0.040465
6.420050	0.039921
6.430050	0.040084
6.440050	0.038798
6.450050	0.039845
6.460050	0.038748
6.470050	0.039154
6.480050	0.036837
6.490050	0.038152
6.500050	0.037280
6.510050	0.035604
6.520050	0.036177
6.530050	0.035136
6.540050	0.035208
6.550060	0.034053
6.560060	0.033753
6.570060	0.035206
6.580060	0.033426
6.590060	0.033771
6.600060	0.032235
6.610060	0.033481
6.620060	0.032629
6.630060	0.031279
6.640060	0.032125
6.650060	0.031594
6.660060	0.030325
6.670060	0.030885
6.680060	0.029962
6.690060	0.030442
6.700060	0.029264
6.710060	0.029588
6.720060	0.029885
6.730060	0.028247
6.740060	0.028221
6.750060	0.028495
6.760060	0.028228
6.770060	0.027033
6.780060	0.026363
6.790060	0.028167
6.800060	0.026693
6.810060	0.026198
6.820060	0.026624
6.830060	0.025739
6.840060	0.026200
6.850060	0.025275
6.860060	0.025044
6.870060	0.024792
6.880060	0.024002
6.890060	0.024351
6.900060	0.023409
6.910060	0.024028
6.920060	0.023045
6.930060	0.022812
6.940060	0.023018
6.950060	0.022547
6.960060	0.022285
6.970060	0.022519
6.980060	0.021556
6.990070	0.021368
7.000070	0.021286
7.010070	0.020295
7.020070	0.021474
7.030070	0.019740
7.040070	0.019598
7.050070	0.019865
7.060070	0.019819
7.070070	0.018851
7.080070	0.019076
7.090070	0.018942
7.100070	0.017791
7.110070	0.018351
7.120070	0.017825
7.130070	0.017378
7.140070	0.017687
7.150070	0.016978
7.160070	0.016889
7.170070	0.016323
7.180070	0.016718
7.190070	0.016555
7.200070	0.016013
7.210070	0.015896
7.220070	0.015823
7.230070	0.015675
7.240070	0.015410
7.250070	0.015017
7.260070	0.015220
7.270070	0.014686
7.280070	0.014955
7.290070	0.014308
7.300070	0.014363
7.310070	0.014015
7.320070	0.014230
7.330070	0.013598
7.340070	0.013170
7.350070	0.013637
7.360070	0.013243
7.370070	0.013141
7.380070	0.012867
7.390070	0.012443
7.400070	0.012491
7.410070	0.012522
7.420070	0.012465
7.430080	0.011957
7.440080	0.011896
7.450080	0.011971
7.460080	0.011645
7.470080	0.011301
7.480080	0.011700
7.490080	0.011383
7.500080	0.011201
7.510080	0.010880
7.520080	0.010765
7.530080	0.010984
7.540080	0.010555
7.550080	0.010539
7.560080	0.010254
7.570080	0.010115
7.580080	0.009882
7.590080	0.010068
7.600080	0.009775
7.610080	0.009314
7.620080	0.009588
7.630080	0.009331
7.640080	0.009138
7.650080	0.009217
7.660080	0.009059
7.670080	0.009043
7.680080	0.008777
7.690080	0.008679
7.700080	0.008531
7.710080	0.008746
7.720080	0.008381
7.730080	0.008071
7.740080	0.008279
7.750080	0.008143
7.760080	0.008126
7.770080	0.007935
7.780080	0.007921
7.790080	0.007697
7.800080	0.007653
7.810080	0.012511
7.820080	0.007322
7.830080	0.007417
7.840080	0.007174
7.850080	0.007195
7.860090	0.007295
7.870090	0.006860
7.880090	0.006890
7.890090	0.006969
7.900090	0.006681
7.910090	0.006719
7.920090	0.006599
7.930090	0.006623
7.940090	0.006371
7.950090	0.006158
7.960090	0.006215
7.970090	0.006035
7.980090	0.006212
7.990090	0.006010
8.000090	0.005789
8.010090	0.006003
8.020090	0.005700
8.030090	0.005805
8.040090	0.005658
8.050090	0.005443
8.060090	0.005456
8.070090	0.005399
8.080090	0.005254
8.090090	0.005121
8.100090	0.005181
8.110090	0.005167
8.120090	0.005067
8.130090	0.005000
8.140090	0.004933
8.150090	0.004838
8.160090	0.004738
8.170090	0.004883
8.180090	0.004680
8.190090	0.004569
8.200090	0.004505
8.210090	0.004455
8.220090	0.004375
8.230090	0.004423
8.240090	0.004391
8.250090	0.004275
8.260090	0.004190
8.270090	0.004146
8.280090	0.004332
8.290090	0.004376
8.300090	0.003925
8.310090	0.003872
8.320100	0.003802
8.330100	0.003828
8.340100	0.003698
8.350100	0.003678
8.360100	0.003582
8.370100	0.003564
8.380100	0.003540
8.390100	0.003501
8.400100	0.003415
8.410100	0.003373
8.420100	0.003313
8.430100	0.003214
8.440100	0.003232
8.450100	0.003190
8.460100	0.003087
8.470100	0.003065
8.480100	0.003056
8.490100	0.002955
8.500100	0.002969
8.510100	0.002921
8.520100	0.002834
8.530100	0.002836
8.540100	0.002732
8.550100	0.002861
8.560100	0.002686
8.570100	0.002625
8.580100	0.002652
8.590100	0.002616
8.600100	0.002574
8.610100	0.002492
8.620100	0.002456
8.630100	0.002408
8.640100	0.002436
8.650100	0.002344
8.660100	0.002319
8.670100	0.002312
8.680100	0.002239
8.690100	0.002265
8.700100	0.002224
8.710100	0.002187
8.720100	0.002179
8.730100	0.002115
8.740100	0.002085
8.750100	0.002115
8.760110	0.002053
8.770110	0.002005
8.780110	0.001960
8.790110	0.001941
8.800110	0.001921
8.810110	0.001923
8.820110	0.001857
8.830110	0.001788
8.840110	0.001779
8.850110	0.001777
8.860110	0.001727
8.870110	0.001696
8.880110	0.001661
8.890110	0.001623
8.900110	0.001651
8.910110	0.001575
8.920110	0.001546
8.930110	0.001565
8.940110	0.001481
8.950110	0.001484
8.960110	0.001445
8.970110	0.001437
8.980110	0.001439
8.990110	0.001366
9.000110	0.001364
9.010110	0.001341
9.020110	0.001327
9.030110	0.001325
9.040110	0.001266
9.050110	0.001421
9.060110	0.001238
9.070110	0.001228
9.080110	0.001253
9.090110	0.001196
9.100110	0.001187
9.110110	0.001154
9.120110	0.001147
9.130110	0.001128
9.140110	0.001095
9.150110	0.001078
9.160110	0.001067
9.170110	0.001043
9.180110	0.001061
9.190110	0.001048
9.200120	0.001014
9.210120	0.000977
9.220120	0.000983
9.230120	0.001090
9.240120	0.000939
9.250120	0.000927
9.260120	0.000905
9.270120	0.000893
9.280120	0.000909
9.290120	0.000870
9.300120	0.000863
9.310120	0.000840
9.320120	0.000829
9.330120	0.000818
9.340120	0.000799
9.350120	0.000775
9.360120	0.000755
9.370120	0.000741
9.380120	0.000749
9.390120	0.000705
9.400120	0.000707
9.410120	0.000666
9.420120	0.000662
9.430120	0.000661
9.440120	0.000645
9.450120	0.000644
9.460120	0.000622
9.470120	0.000606
9.480120	0.000614
9.490120	0.000599
9.500120	0.000604
9.510120	0.000581
9.520120	0.000551
9.530120	0.000603
9.540120	0.000538
9.550120	0.000534
9.560120	0.000538
9.570120	0.000524
9.580120	0.000514
9.590120	0.000501
9.600120	0.000491
9.610120	0.000481
9.620120	0.000470
9.630130	0.000459
9.640130	0.000456
9.650130	0.000461
9.660130	0.000447
9.670130	0.000441
9.680130	0.000433
9.690130	0.000434
9.700130	0.000424
9.710130	0.000416
9.720130	0.000395
9.730130	0.000391
9.740130	0.000399
9.750130	0.000373
9.760130	0.000376
9.770130	0.000384
9.780130	0.000356
9.790130	0.000364
9.800130	0.000357
9.810130	0.000353
9.820130	0.000346
9.830130	0.000332
9.840130	0.000328
9.850130	0.000326
9.860130	0.000310
9.870130	0.000305
9.880130	0.000307
9.890130	0.000297
9.900130	0.000290
9.910130	0.000284
9.920130	0.000284
9.930130	0.000265
9.940130	0.000269
9.950130	0.000271
9.960130	0.000255
9.970130	0.000254
9.980130	0.000247
9.990130	0.000248
