 
 _    _ _____ _____ _____            
| |  | |  ___/  ___|_   _|           
| |  | | |__ \ `--.  | |_ __  _   _  
| |/\| |  __| `--. \ | | '_ \| | | | 
\  /\  / |___/\__/ / | | |_) | |_| | 
 \/  \/\____/\____/  \_/ .__/ \__, | 
                       | |     __/ | 
                       |_|    |___/  
 
WEST version     :  6.0.0
Today            :  2025-05-27 22:18:49.523794
-----------------------------------------------------
===============================================================
Building effective Hamiltonian...
nspin: 2
occupations: [[1. 1. 1. 1. 1. 1. 1. 1. 0. 0. 0. 0. 0. 0.]
 [1. 1. 1. 1. 1. 1. 0. 0. 0. 0. 0. 0. 0. 0.]]
===============================================================
               diag[1RDM - 1RDM(GS)]                ...                                  
   E [eV] char                  1235   1236   1237  ...   1244   1245   1246   1247  1248
0   0.000   3-                 0.000  0.000  0.000  ...  0.000  0.000  0.000  0.000 0.000
1   0.307   3-                -0.001 -0.000  0.004  ...  0.114  0.013  0.001 -0.000 0.000
2   0.307   3-                -0.000 -0.001  0.004  ...  0.114  0.013  0.001  0.000 0.000
3   1.356   4-                 0.000  0.000 -0.059  ...  0.093  0.007  0.007  0.002 0.000
4   1.453   3-                -0.001 -0.001  0.006  ...  0.195  0.000  0.013  0.013 0.158
5   1.455   3-                -0.001 -0.001  0.006  ...  0.195  0.000  0.014  0.011 0.159
6   1.705   3-                -0.000 -0.000 -0.006  ...  0.125 -0.002  0.034  0.036 0.002
7   1.769   3-                -0.000 -0.000  0.001  ... -0.007 -0.001  0.251  0.245 0.000
8   1.853   3-                -0.000 -0.000 -0.011  ...  0.122  0.000  0.141  0.107 0.003
9   1.872   3-                -0.000 -0.000  0.001  ... -0.001 -0.001  0.208  0.214 0.028
10  1.875   3-                -0.000 -0.000  0.001  ... -0.000 -0.001  0.204  0.220 0.023
11  1.893   3-                -0.000 -0.000 -0.008  ...  0.065  0.004  0.114  0.110 0.007
12  1.979   4-                 0.000  0.000 -0.012  ...  0.112  0.010  0.219  0.014 0.004
13  2.019   3-                 0.000  0.000 -0.003  ...  0.001 -0.005  0.019  0.022 0.174
14  2.022   3-                 0.000  0.000 -0.003  ...  0.001 -0.005  0.020  0.191 0.004
15  2.065   3-                -0.000 -0.000 -0.002  ...  0.113  0.007  0.032  0.036 0.025
16  2.065   3-                -0.000 -0.000 -0.002  ...  0.113  0.007  0.011  0.058 0.024
17  2.195   4-                -0.045 -0.014  0.001  ...  0.140  0.011  0.000  0.003 0.004
18  2.195   4-                -0.014 -0.045  0.001  ...  0.140  0.011  0.002  0.001 0.004
19  2.275   3-                -0.001 -0.001 -0.003  ...  0.135  0.008  0.005  0.044 0.039
20  2.293   3-                -0.001 -0.001  0.004  ...  0.107  0.026  0.266  0.190 0.004
21  2.293   3-                -0.001 -0.001  0.004  ...  0.107  0.026  0.189  0.267 0.004
22  2.314   3-                -0.002 -0.001  0.002  ...  0.002  0.385  0.003  0.016 0.030
23  2.314   3-                -0.001 -0.002  0.002  ...  0.002  0.385  0.017  0.001 0.030
24  2.470   4-                -0.036 -0.039  0.003  ...  0.129 -0.000 -0.001  0.032 0.040
25  2.471   4-                -0.039 -0.036  0.003  ...  0.129 -0.000 -0.001  0.033 0.039
26  2.540   3-                -0.002 -0.002  0.006  ...  0.421  0.022  0.001  0.005 0.035
27  2.658   3-                -0.032 -0.002 -0.001  ...  0.140  0.009  0.013  0.001 0.003
28  2.658   3-                -0.002 -0.032 -0.001  ...  0.140  0.009  0.013  0.001 0.002
29  2.662   3-                -0.009 -0.003 -0.005  ...  0.167  0.035  0.017  0.003 0.008
30  2.662   3-                -0.003 -0.009 -0.005  ...  0.167  0.035  0.018  0.001 0.008
31  2.682   3-                -0.026 -0.027  0.005  ...  0.132  0.004  0.018  0.015 0.019
32  2.684   3-                -0.035 -0.035  0.003  ...  0.129  0.001  0.003  0.037 0.058
33  2.684   3-                -0.035 -0.035  0.003  ...  0.129  0.001  0.003  0.052 0.043
34  2.689   3-                -0.037 -0.036  0.003  ...  0.128 -0.001 -0.000  0.050 0.056
35  2.691   3-                -0.032 -0.031  0.004  ...  0.135  0.001  0.004  0.036 0.042
36  2.694   3-                -0.022 -0.022  0.005  ...  0.139  0.005  0.020  0.005 0.010
37  2.694   3-                -0.022 -0.023  0.005  ...  0.139  0.005  0.020  0.006 0.009
38  2.701   3-                -0.021 -0.021  0.005  ...  0.138  0.006  0.022  0.001 0.005
39  2.702   4-                -0.185 -0.246  0.001  ...  0.143  0.003 -0.001 -0.000 0.013
40  2.702   4-                -0.246 -0.185  0.001  ...  0.143  0.003 -0.001  0.000 0.013
41  2.744   4-                 0.000  0.000 -0.049  ...  0.120  0.011  0.014  0.007 0.255
42  2.801   4-                -0.118 -0.012 -0.000  ...  0.137  0.008  0.243  0.000 0.000
43  2.801   4-                -0.012 -0.118 -0.000  ...  0.137  0.008  0.243  0.000 0.000
44  2.846   3-                -0.072 -0.001  0.004  ...  0.126 -0.001 -0.001  0.062 0.081
45  2.846   3-                -0.001 -0.072  0.004  ...  0.125 -0.001 -0.001  0.076 0.067
46  2.862   4-                -0.030 -0.030  0.005  ...  0.351  0.013  0.218 -0.000 0.004
47  2.869   4-                -0.030 -0.031  0.005  ...  0.351  0.013  0.218 -0.000 0.004
48  2.869   4-                -0.031 -0.031  0.005  ...  0.351  0.013  0.218 -0.000 0.004
49  2.877   4-                -0.031 -0.031  0.005  ...  0.351  0.013  0.217 -0.000 0.004

[50 rows x 16 columns]
-----------------------------------------------------

