 
 _    _ _____ _____ _____            
| |  | |  ___/  ___|_   _|           
| |  | | |__ \ `--.  | |_ __  _   _  
| |/\| |  __| `--. \ | | '_ \| | | | 
\  /\  / |___/\__/ / | | |_) | |_| | 
 \/  \/\____/\____/  \_/ .__/ \__, | 
                       | |     __/ | 
                       |_|    |___/  
 
WEST version     :  6.0.0
Today            :  2025-05-26 11:33:37.401749
-----------------------------------------------------
===============================================================
Building effective Hamiltonian...
nspin: 2
occupations: [[1. 1. 1. 0. 0. 0. 0. 0. 0. 0. 0. 0. 0. 0. 0.]
 [1. 0. 0. 0. 0. 0. 0. 0. 0. 0. 0. 0. 0. 0. 0.]]
===============================================================
               diag[1RDM - 1RDM(GS)]                ...                                  
   E [eV] char                  1240   1241   1242  ...   1250   1251   1252  1253   1254
0   0.000   3-                 0.000  0.000  0.000  ...  0.000  0.000  0.000 0.000  0.000
1   0.080   3-                 0.090 -0.277 -0.256  ... -0.003 -0.001 -0.001 0.000  0.008
2   0.081   3-                 0.090 -0.303 -0.231  ... -0.003 -0.001 -0.001 0.000  0.008
3   1.427   4-                -0.385 -0.164 -0.011  ... -0.001 -0.000  0.002 0.002  0.008
4   1.635   4-                -0.395 -0.023 -0.003  ... -0.001 -0.000 -0.000 0.000  0.007
5   1.710   3-                 0.062 -0.362 -0.152  ...  0.009  0.001  0.000 0.000  0.001
6   1.714   3-                 0.062 -0.199 -0.315  ...  0.010  0.001  0.000 0.000  0.001
7   1.731   3-                 0.030 -0.236 -0.265  ...  0.028  0.002  0.003 0.000 -0.000
8   1.760   3-                -0.295 -0.104 -0.076  ...  0.006  0.000  0.014 0.066 -0.000
9   1.761   3-                -0.302 -0.136  0.140  ...  0.052  0.000  0.068 0.014 -0.000
10  1.770   3-                -0.368 -0.165 -0.028  ...  0.000 -0.000  0.004 0.005  0.007
11  1.828   3-                -0.236 -0.232 -0.122  ...  0.010 -0.000  0.006 0.027  0.003
12  1.830   3-                -0.247 -0.279 -0.046  ...  0.021 -0.000  0.025 0.006  0.004
13  1.838   3-                -0.003 -0.250 -0.232  ...  0.029  0.001  0.002 0.001  0.001
14  1.869   3-                -0.181 -0.257 -0.150  ...  0.017  0.001  0.006 0.013  0.004
15  1.871   3-                -0.163 -0.295 -0.102  ...  0.021  0.001  0.014 0.005  0.003
16  2.027   3-                -0.376 -0.309 -0.061  ...  0.006 -0.000  0.013 0.013  0.007
17  2.060   4-                -0.334  0.214 -0.002  ...  0.001 -0.000  0.000 0.000  0.013
18  2.196   3-                 0.091 -0.535 -0.485  ... -0.002 -0.000  0.001 0.000  0.007
19  2.196   3-                 0.091 -0.537 -0.483  ...  0.002  0.000 -0.000 0.000  0.007
20  2.454   3-                -0.137 -0.381 -0.150  ... -0.003 -0.000 -0.001 0.000  0.012
21  2.454   3-                -0.137 -0.194 -0.338  ... -0.003 -0.001 -0.001 0.000  0.012
22  2.497   4-                -0.396 -0.066  0.013  ...  0.059 -0.000  0.064 0.031 -0.000
23  2.498   4-                -0.396 -0.068  0.030  ...  0.155 -0.000  0.031 0.065 -0.000
24  2.523   3-                -0.144 -0.357 -0.184  ... -0.002 -0.000 -0.000 0.000  0.019
25  2.524   3-                -0.144 -0.238 -0.302  ... -0.003 -0.001 -0.000 0.001  0.019
26  2.868   3-                 0.115 -0.544 -0.489  ... -0.002 -0.000  0.000 0.001  0.008
27  2.912   3-                -0.344  0.022 -0.163  ... -0.002 -0.000 -0.000 0.000  0.018
28  2.912   3-                -0.344  0.184 -0.326  ... -0.002 -0.000 -0.000 0.000  0.018
29  3.062   4-                -0.395 -0.035 -0.001  ... -0.001 -0.000 -0.000 0.000  0.024
30  3.083   4-                -0.079 -0.266 -0.185  ...  0.127  0.014  0.016 0.003 -0.000
31  3.135   3-                 0.041 -0.278 -0.238  ...  0.189  0.022  0.022 0.001  0.000
32  3.150   3-                 0.033 -0.274 -0.235  ...  0.174  0.028  0.030 0.001  0.001
33  3.150   3-                 0.033 -0.277 -0.235  ...  0.171  0.028  0.030 0.002  0.001
34  3.187   4-                -0.225 -0.258 -0.103  ...  0.059  0.015  0.023 0.008 -0.000
35  3.261   4-                -0.378 -0.303 -0.174  ...  0.100  0.000  0.089 0.072  0.002
36  3.261   4-                -0.378 -0.333 -0.168  ...  0.104  0.000  0.076 0.086  0.002
37  3.264   4-                -0.371 -0.269 -0.274  ...  0.092  0.000  0.100 0.105  0.003
38  3.270   4-                -0.371 -0.320 -0.230  ...  0.094 -0.000  0.095 0.095  0.004
39  3.292   4-                -0.378 -0.207 -0.241  ...  0.043 -0.000  0.044 0.047  0.001
40  3.292   4-                -0.378 -0.369 -0.001  ...  0.114  0.003  0.046 0.043  0.001
41  3.436   4-                -0.386 -0.255 -0.239  ...  0.020  0.001  0.002 0.001  0.007
42  3.450   4-                -0.359 -0.313 -0.103  ...  0.016  0.002  0.020 0.022  0.000
43  3.451   4-                -0.359 -0.314 -0.092  ...  0.019  0.002  0.023 0.019  0.000
44  3.466   4-                -0.379 -0.304 -0.238  ...  0.031  0.002  0.010 0.008  0.007
45  3.480   4-                -0.369 -0.267 -0.156  ...  0.024  0.001  0.010 0.011  0.003
46  3.490   4-                -0.381 -0.275 -0.232  ...  0.022  0.001  0.004 0.002  0.009
47  3.491   4-                -0.382 -0.258 -0.253  ...  0.022  0.001  0.003 0.003  0.009
48  3.496   3-                -0.372 -0.310 -0.109  ...  0.056  0.002  0.038 0.037 -0.000
49  3.502   3-                -0.373 -0.331 -0.195  ...  0.023  0.004  0.012 0.007  0.005

[50 rows x 17 columns]
-----------------------------------------------------

