        atomic unit dQ :          144.96645315729
        atomic unit freqi/f:       0.0012612345557758       0.0014567747067859

        Temperature :  300 K ; Maximum initial state oscillator quantum number   10
                          n   m   occupation     deltacoef      overlap
            Contribution:  10  40   1.286484e-06   0.0002833625     0.02358605
            Contribution:  10  39   1.286484e-06     0.09685038     0.02364645
            Contribution:  10  38   1.286484e-06       6.938654      0.0160932
            Contribution:  10  37   1.286484e-06       104.1991    0.005671969
            Contribution:  10  36   1.286484e-06       327.9953   5.425336e-05
            Contribution:  10  35   1.286484e-06       216.4144    0.004044585
            Contribution:  10  34   1.286484e-06       29.93088     0.01470557
            Contribution:  10  33   1.286484e-06      0.8676962     0.02254803
            Contribution:  10  32   1.286484e-06    0.005272673     0.01966086
            Contribution:  10  31   1.286484e-06   6.715971e-06    0.008278217
            Contribution:   9  39   4.842313e-06   0.0006790059     0.01273696
            Contribution:   9  38   4.842313e-06      0.1881687     0.02185637
            Contribution:   9  37   4.842313e-06        10.9304     0.02566871
            Contribution:   9  36   4.842313e-06       133.0882     0.02116066
            Contribution:   9  35   4.842313e-06       339.6706     0.01073058
            Contribution:   9  34   4.842313e-06       181.7152    0.001622872
            Contribution:   9  33   4.842313e-06       20.37696    0.001085616
            Contribution:   9  32   4.842313e-06      0.4789635     0.01006618
            Contribution:   9  31   4.842313e-06    0.002359828     0.02102126
            Contribution:   9  30   4.842313e-06   2.437099e-06     0.02354008
            Contribution:   8  39   1.822641e-05   1.475723e-06   0.0007276436
            Contribution:   8  38   1.822641e-05    0.001581899    0.001049719
            Contribution:   8  37   1.822641e-05      0.3554407     0.00789956
            Contribution:   8  36   1.822641e-05       16.74059     0.01801756
            Contribution:   8  35   1.822641e-05       165.2681     0.02568269
            Contribution:   8  34   1.822641e-05       341.9969     0.02577459
            Contribution:   8  33   1.822641e-05       148.3441     0.01751461
            Contribution:   8  32   1.822641e-05       13.48755    0.006117045
            Contribution:   8  31   1.822641e-05      0.2570461   4.624234e-05
            Contribution:   8  30   1.822641e-05    0.001026842    0.004592432
            Contribution:   7  38   6.860401e-05   4.122579e-06     0.01331399
            Contribution:   7  37   6.860401e-05    0.003583088    0.004149988
            Contribution:   7  36   6.860401e-05       0.652771   3.187718e-05
            Contribution:   7  35   6.860401e-05       24.92752    0.003024692
            Contribution:   7  34   6.860401e-05       199.5318     0.01204769
            Contribution:   7  33   6.860401e-05       334.7805     0.02251135
            Contribution:   7  32   6.860401e-05       117.7397     0.02817102
            Contribution:   7  31   6.860401e-05       8.679621     0.02486903
            Contribution:   7  30   6.860401e-05      0.1341199     0.01405556
            Contribution:   7  29   6.860401e-05    0.000434411    0.003049477
            Contribution:   6  37   0.0002582248   1.119713e-05      0.0323874
            Contribution:   6  36   0.0002582248    0.007890602     0.02241584
            Contribution:   6  35   0.0002582248       1.165543     0.01128129
            Contribution:   6  34   0.0002582248       36.08787    0.002660537
            Contribution:   6  33   0.0002582248        234.212   9.608552e-05
            Contribution:   6  32   0.0002582248       318.6192    0.005091171
            Contribution:   6  31   0.0002582248       90.85516     0.01557826
            Contribution:   6  30   0.0002582248       5.430529     0.02603521
            Contribution:   6  29   0.0002582248     0.06803768      0.0300027
            Contribution:   6  28   0.0002582248   0.0001786783     0.02422908
            Contribution:   5  36   0.0009719551   2.956777e-05     0.04276078
            Contribution:   5  35   0.0009719551     0.01689416     0.04034038
            Contribution:   5  34   0.0009719551       2.023343     0.03320448
            Contribution:   5  33   0.0009719551       50.79458     0.02242293
            Contribution:   5  32   0.0009719551       267.2883     0.01077153
            Contribution:   5  31   0.0009719551       294.8204    0.002184701
            Contribution:   5  30   0.0009719551        68.1632   0.0002789005
            Contribution:   5  29   0.0009719551        3.30337    0.006340243
            Contribution:   5  28   0.0009719551     0.03355672     0.01782046
            Contribution:   5  27   0.0009719551   7.145235e-05     0.02866253
            Contribution:   4  35    0.003658429   7.591088e-05     0.03784722
            Contribution:   4  34    0.003658429     0.03516712     0.04324277
            Contribution:   4  33    0.003658429       3.414952     0.04553493
            Contribution:   4  32    0.003658429       69.50998     0.04334681
            Contribution:   4  31    0.003658429       296.5682     0.03615535
            Contribution:   4  30    0.003658429       265.2265       0.024946
            Contribution:   4  29    0.003658429        49.7192     0.01250136
            Contribution:   4  28    0.003658429       1.953648    0.002912563
            Contribution:   4  27    0.003658429     0.01609101   0.0001220225
            Contribution:   4  26    0.003658429   2.778018e-05    0.005841783
            Contribution:   3  34     0.01377028     0.00018948     0.02358654
            Contribution:   3  33     0.01377028     0.07117229     0.03108145
            Contribution:   3  32     0.01377028       5.603681     0.03871015
            Contribution:   3  31     0.01377028       92.48063     0.04519301
            Contribution:   3  30     0.01377028       319.9212     0.04890431
            Contribution:   3  29     0.01377028       231.9798     0.04825529
            Contribution:   3  28     0.01377028       35.25918     0.04231796
            Contribution:   3  27     0.01377028       1.123334     0.03153717
            Contribution:   3  26     0.01377028    0.007501718     0.01820476
            Contribution:   3  25     0.01377028   1.050092e-05    0.006272226
            Contribution:   2  33      0.0518312    0.000459829     0.01015165
            Contribution:   2  32      0.0518312      0.1400422     0.01503875
            Contribution:   2  31      0.0518312        8.93997     0.02136309
            Contribution:   2  30      0.0518312       119.6267     0.02898262
            Contribution:   2  29      0.0518312        335.533     0.03736384
            Contribution:   2  28      0.0518312       197.2682     0.04547955
            Contribution:   2  27      0.0518312        24.3105     0.05182449
            Contribution:   2  26      0.0518312      0.6279797     0.05463622
            Contribution:   2  25      0.0518312     0.00340026      0.0523724
            Contribution:   2  24      0.0518312   3.859166e-06     0.04439567
            Contribution:   1  32      0.1950921    0.001084934    0.002754972
            Contribution:   1  31      0.1950921      0.2679048    0.004518282
            Contribution:   1  30      0.1950921       13.86668    0.007174285
            Contribution:   1  29      0.1950921       150.4456     0.01100584
            Contribution:   1  28      0.1950921        342.138     0.01627255
            Contribution:   1  27      0.1950921        163.094     0.02312296
            Contribution:   1  26      0.1950921       16.29632     0.03147148
            Contribution:   1  25      0.1950921      0.3413155      0.0408589
            Contribution:   1  24      0.1950921    0.001498433     0.05034034
            Contribution:   1  23      0.1950921   1.378902e-06     0.05846863
            Contribution:   0  32      0.7343244   2.605594e-06   0.0001953594
            Contribution:   0  31      0.7343244    0.002488765     0.00035985
            Contribution:   0  30      0.7343244      0.4982828   0.0006468912
            Contribution:   0  29      0.7343244       20.91138    0.001133822
            Contribution:   0  28      0.7343244        183.952    0.001935593
            Contribution:   0  27      0.7343244       339.1885    0.003214821
            Contribution:   0  26      0.7343244       131.0969    0.005188654
            Contribution:   0  25      0.7343244       10.62084    0.008127343
            Contribution:   0  24      0.7343244        0.18036     0.01233767
            Contribution:   0  23      0.7343244   0.0006420018     0.01812388
        <\chi_n|\chi_m> @ T =          300.46933667084           5.8186196679968
