0.000000	1.000000
0.010000	0.171424
0.020000	0.708049
0.030000	0.527022
0.040000	0.223868
0.050000	0.995474
0.060000	0.219163
0.070000	0.513478
0.080000	0.591202
0.090000	0.215654
0.100000	0.994666
0.110000	0.231443
0.120000	0.490032
0.130000	0.514464
0.140000	0.211540
0.150000	0.998870
0.160000	0.255188
0.170000	0.543314
0.180000	0.515055
0.190000	0.254814
0.200000	0.995230
0.210000	0.273879
0.220000	0.523924
0.230000	0.660380
0.240000	0.239263
0.250000	0.992330
0.260000	0.234210
0.270000	0.673852
0.280000	0.474029
0.290000	0.302834
0.300000	0.993760
0.310000	0.275365
0.320000	0.510258
0.330000	0.547183
0.340000	0.256955
0.350000	0.988803
0.360000	0.267601
0.370000	0.503767
0.380000	0.489067
0.390000	0.245075
0.400000	0.982955
0.410000	0.283251
0.420000	0.563428
0.430000	0.465744
0.440000	0.331493
0.450000	0.983795
0.460000	0.308623
0.470000	0.564432
0.480000	0.546605
0.490000	0.352456
0.500000	0.977753
0.510000	0.261709
0.520000	0.684550
0.530000	0.423368
0.540000	0.347757
0.550000	0.968187
0.560000	0.262986
0.570000	0.558600
0.580000	0.479377
0.590000	0.267170
0.600000	0.965515
0.610000	0.233247
0.620000	0.532718
0.630000	0.461438
0.640000	0.231817
0.650000	0.954222
0.660000	0.239668
0.670000	0.595377
0.680000	0.448041
0.690000	0.311751
0.700000	0.947215
0.710000	0.322813
0.720000	0.560284
0.730000	0.533526
0.740000	0.337125
0.750000	0.943748
0.760000	0.329098
0.770000	0.599845
0.780000	0.452552
0.790000	0.306655
0.800000	0.924903
0.810000	0.300370
0.820000	0.539023
0.830000	0.460550
0.839999	0.250134
0.849999	0.913402
0.859999	0.256215
0.869999	0.498687
0.879999	0.449799
0.889999	0.221054
0.899999	0.909829
0.909999	0.228199
0.919999	0.575364
0.929999	0.426709
0.939999	0.295585
0.949999	0.893006
0.959999	0.335826
0.969999	0.519901
0.979999	0.547122
0.989999	0.279639
0.999999	0.881669
1.010000	0.353855
1.020000	0.534028
1.030000	0.469435
1.040000	0.254265
1.050000	0.865103
1.060000	0.294305
1.070000	0.520530
1.080000	0.414183
1.090000	0.265894
1.100000	0.844199
1.110000	0.256486
1.120000	0.486227
1.130000	0.420017
1.140000	0.235840
1.150000	0.835458
1.160000	0.205760
1.170000	0.576029
1.180000	0.355827
1.190000	0.302542
1.200000	0.812870
1.210000	0.289778
1.220000	0.496732
1.230000	0.491165
1.240000	0.236748
1.250000	0.800887
1.260000	0.251938
1.270000	0.523139
1.280000	0.412464
1.290000	0.195187
1.300000	0.780007
1.310000	0.217710
1.320000	0.508004
1.330000	0.365752
1.340000	0.240284
1.350000	0.758731
1.360000	0.212036
1.370000	0.454763
1.380000	0.371400
1.390000	0.211514
1.400000	0.747242
1.410000	0.186646
1.420000	0.552877
1.430000	0.303038
1.440000	0.279119
1.450000	0.711653
1.460000	0.231256
1.470000	0.470108
1.480000	0.406774
1.490000	0.208322
1.500000	0.708581
1.510000	0.164005
1.520000	0.499515
1.530000	0.327285
1.540000	0.170381
1.550000	0.676386
1.560000	0.163135
1.570000	0.467902
1.580000	0.313830
1.590000	0.201143
1.600000	0.652609
1.610000	0.189627
1.620000	0.404603
1.630000	0.337191
1.640000	0.185712
1.650000	0.641488
1.660000	0.177290
1.670000	0.472601
1.680000	0.263370
1.690000	0.255309
1.700000	0.595537
1.710000	0.210843
1.720000	0.417221
1.730000	0.325212
1.740000	0.209846
1.750000	0.584912
1.760000	0.137796
1.770000	0.447665
1.780000	0.231811
1.790000	0.199186
1.800000	0.555249
1.810000	0.136119
1.820000	0.409988
1.830000	0.236938
1.840000	0.197663
1.850000	0.530926
1.860000	0.152252
1.870000	0.363389
1.880000	0.260400
1.890000	0.155821
1.900000	0.510994
1.910000	0.141498
1.920000	0.389815
1.930000	0.221976
1.940000	0.211081
1.950000	0.475059
1.960000	0.166764
1.970000	0.348961
1.980000	0.254253
1.990000	0.181531
2.000000	0.466098
2.010000	0.124613
2.020000	0.363722
2.030000	0.177661
2.040000	0.184664
2.050000	0.429483
2.060000	0.127895
2.070000	0.330683
2.080000	0.183798
2.090000	0.177185
2.100000	0.412017
2.110000	0.127079
2.120000	0.298898
2.130000	0.204524
2.140000	0.130613
2.150000	0.392874
2.160000	0.123744
2.170000	0.306355
2.180000	0.184855
2.190000	0.155812
2.200000	0.362331
2.210000	0.144619
2.220000	0.275679
2.230000	0.198143
2.240000	0.151377
2.250000	0.351781
2.260000	0.125876
2.270000	0.270794
2.280000	0.146859
2.290000	0.145748
2.300000	0.325362
2.310000	0.123159
2.320000	0.254620
2.330000	0.140198
2.340000	0.152073
2.350000	0.301863
2.360000	0.106900
2.370000	0.237184
2.380000	0.139479
2.390000	0.127600
2.400000	0.287869
2.410000	0.097067
2.420000	0.240885
2.430000	0.124863
2.440000	0.134396
2.450000	0.264883
2.460000	0.099662
2.470000	0.214824
2.480000	0.130896
2.490000	0.113618
2.500000	0.246613
2.510000	0.088130
2.520000	0.194882
2.530000	0.115750
2.540000	0.092171
2.550000	0.229908
2.560000	0.074924
2.570000	0.189719
2.580000	0.100506
2.590000	0.096162
2.600000	0.212035
2.610000	0.072478
2.620000	0.172920
2.630000	0.101196
2.640000	0.087677
2.650000	0.200279
2.660000	0.062286
2.670000	0.170491
2.680000	0.089263
2.690000	0.086551
2.700000	0.183640
2.710000	0.059185
2.720000	0.152732
2.730000	0.094101
2.740000	0.069161
2.750000	0.172430
2.760000	0.055467
2.770000	0.133641
2.780000	0.087568
2.790000	0.054050
2.800000	0.158129
2.810000	0.045489
2.820000	0.132739
2.830000	0.073505
2.840000	0.062245
2.850000	0.140572
2.860000	0.049908
2.870000	0.114424
2.880000	0.077560
2.890000	0.055811
2.900000	0.133861
2.910000	0.047570
2.920000	0.114977
2.930000	0.062504
2.940000	0.060823
2.950000	0.119184
2.960000	0.044638
2.970000	0.102943
2.980000	0.061257
2.990000	0.050896
3.000000	0.111843
3.010000	0.034112
3.020000	0.092995
3.030000	0.051731
3.040000	0.040561
3.050000	0.103159
3.060000	0.027694
3.070000	0.089495
3.080000	0.042213
3.090000	0.045530
3.100000	0.086904
3.110000	0.030610
3.120000	0.076617
3.130000	0.047971
3.140000	0.039087
3.150000	0.084442
3.160000	0.028789
3.170000	0.074471
3.180000	0.036351
3.190000	0.039534
3.200000	0.071932
3.210000	0.026444
3.220000	0.063952
3.230000	0.033081
3.240000	0.033684
3.250000	0.066062
3.260000	0.018514
3.270000	0.058647
3.280000	0.027615
3.290000	0.028536
3.300000	0.060022
3.310000	0.015773
3.320000	0.055836
3.330000	0.023087
3.340000	0.029581
3.350000	0.051486
3.360000	0.017695
3.370000	0.047454
3.380000	0.027497
3.390000	0.024206
3.400000	0.049816
3.410000	0.015272
3.420000	0.046142
3.430000	0.021523
3.440000	0.023237
3.450000	0.041735
3.460000	0.015046
3.470000	0.038178
3.480000	0.019882
3.490000	0.019511
3.500000	0.037060
3.510000	0.012687
3.520000	0.033751
3.530000	0.016149
3.540000	0.017368
3.550000	0.032244
3.560000	0.011316
3.570000	0.031240
3.580000	0.014315
3.590000	0.016798
3.600000	0.028625
3.610000	0.010667
3.620000	0.026706
3.630000	0.015819
3.640000	0.013396
3.650000	0.028057
3.660000	0.008610
3.670000	0.025960
3.680000	0.012335
3.690000	0.014521
3.700000	0.023241
3.710000	0.008379
3.720000	0.021923
3.730000	0.010970
3.740000	0.012718
3.750000	0.020862
3.760000	0.008710
3.770000	0.020033
3.780000	0.009682
3.790000	0.011749
3.800000	0.018178
3.810000	0.008685
3.820000	0.018062
3.830000	0.008890
3.840000	0.010537
3.850000	0.015920
3.860000	0.007020
3.870000	0.015918
3.880000	0.008531
3.890000	0.008779
3.900000	0.015433
3.910000	0.005087
3.920000	0.014602
3.930000	0.006519
3.940000	0.007867
3.950000	0.012535
3.960000	0.004576
3.970000	0.012317
3.980000	0.005951
3.990000	0.006932
4.000000	0.011229
4.010000	0.004528
4.020000	0.010846
4.030000	0.005671
4.040000	0.005746
4.050000	0.009756
4.060000	0.004235
4.070000	0.009335
4.080000	0.005009
4.090000	0.005018
4.100000	0.008486
4.110000	0.003684
4.120000	0.008270
4.130000	0.004739
4.140000	0.004438
4.150000	0.007706
4.160000	0.003059
4.170000	0.007291
4.180000	0.003876
4.190000	0.003911
4.200000	0.006477
4.210000	0.002609
4.220000	0.006438
4.230000	0.003329
4.240000	0.003497
4.250000	0.005638
4.260000	0.002427
4.270000	0.005605
4.280000	0.003345
4.290000	0.002740
4.300000	0.005146
4.310000	0.002022
4.320000	0.004939
4.330000	0.002645
4.340000	0.002561
4.350000	0.004246
4.360000	0.002015
4.370010	0.004120
4.380010	0.002446
4.390010	0.002445
4.400010	0.003690
4.410010	0.001883
4.420010	0.003618
4.430010	0.002050
4.440010	0.002024
4.450010	0.003018
4.460010	0.001491
4.470010	0.003071
4.480010	0.001731
4.490010	0.001702
4.500010	0.002553
4.510010	0.001202
4.520010	0.002574
4.530010	0.001480
4.540010	0.001295
4.550010	0.002290
4.560010	0.000866
4.570010	0.002265
4.580010	0.001087
4.590010	0.001262
4.600010	0.001835
4.610010	0.000852
4.620010	0.001877
4.630010	0.001036
4.640010	0.001098
4.650010	0.001570
4.660010	0.000788
4.670010	0.001554
4.680010	0.000874
4.690010	0.000855
4.700010	0.001273
4.710010	0.000610
4.720010	0.001292
4.730010	0.000747
4.740010	0.000686
4.750010	0.001011
4.760010	0.000479
4.770010	0.001020
4.780010	0.000602
4.790010	0.000580
4.800010	0.000884
4.810020	0.000344
4.820020	0.000874
4.830020	0.000414
4.840020	0.000511
4.850020	0.000668
4.860020	0.000340
4.870020	0.000690
4.880020	0.000410
4.890020	0.000408
4.900020	0.000575
4.910020	0.000306
4.920020	0.000577
4.930020	0.000333
4.940020	0.000317
4.950020	0.000447
4.960020	0.000246
4.970020	0.000467
4.980020	0.000269
4.990020	0.000276
5.000020	0.000363
5.010020	0.000195
5.020020	0.000387
5.030020	0.000216
5.040020	0.000222
5.050020	0.000310
5.060020	0.000141
5.070020	0.000337
5.080020	0.000152
5.090020	0.000217
5.100020	0.000240
5.110020	0.000145
5.120020	0.000270
5.130020	0.000145
5.140020	0.000180
5.150020	0.000216
5.160020	0.000114
5.170020	0.000225
5.180020	0.000115
5.190020	0.000138
5.200020	0.000170
5.210020	0.000091
5.220020	0.000185
5.230020	0.000095
5.240030	0.000113
5.250030	0.000139
5.260030	0.000077
5.270030	0.000154
5.280030	0.000083
5.290030	0.000094
5.300030	0.000122
5.310030	0.000061
5.320030	0.000133
5.330030	0.000538
5.340030	0.000086
5.350030	0.000098
5.360030	0.000056
5.370030	0.000110
5.380030	0.000058
5.390030	0.000074
5.400030	0.000086
5.410030	0.000045
5.420030	0.000094
5.430030	0.000044
5.440030	0.000062
5.450030	0.000070
5.460030	0.000040
5.470030	0.000077
5.480030	0.000038
5.490030	0.000052
5.500030	0.000057
5.510030	0.000038
5.520030	0.000064
5.530030	0.000036
5.540030	0.000043
5.550030	0.000048
5.560030	0.000032
5.570030	0.000055
5.580030	0.000030
5.590030	0.000037
5.600030	0.000041
5.610030	0.000026
5.620030	0.000045
5.630030	0.000024
5.640030	0.000032
5.650030	0.000034
5.660030	0.000021
5.670030	0.000038
5.680040	0.000018
5.690040	0.000028
5.700040	0.000027
5.710040	0.000019
5.720040	0.000031
5.730040	0.000015
5.740040	0.000024
5.750040	0.000022
5.760040	0.000018
5.770040	0.000025
5.780040	0.000014
5.790040	0.000019
5.800040	0.000018
5.810040	0.000014
5.820040	0.000021
5.830040	0.000012
5.840040	0.000015
5.850040	0.000015
5.860040	0.000010
5.870040	0.000017
5.880040	0.000010
5.890040	0.000012
5.900040	0.000013
5.910040	0.000008
5.920040	0.000014
5.930040	0.000007
5.940040	0.000010
5.950040	0.000010
5.960040	0.000006
5.970040	0.000011
5.980040	0.000030
5.990040	0.000008
6.000040	0.000008
6.010040	0.000005
6.020040	0.000009
6.030040	0.000005
6.040040	0.000006
6.050040	0.000006
6.060040	0.000005
6.070040	0.000007
6.080040	0.000004
6.090040	0.000005
6.100040	0.000005
6.110040	0.000004
6.120050	0.000005
6.130050	0.000003
6.140050	0.000004
6.150050	0.000004
6.160050	0.000003
6.170050	0.000004
6.180050	0.000002
6.190050	0.000003
6.200050	0.000003
6.210050	0.000002
6.220050	0.000003
6.230050	0.000002
6.240050	0.000002
6.250050	0.000002
6.260050	0.000001
6.270050	0.000002
6.280050	0.000001
6.290050	0.000002
6.300050	0.000002
6.310050	0.000001
6.320050	0.000002
6.330050	0.000001
6.340050	0.000001
6.350050	0.000001
6.360050	0.000001
6.370050	0.000001
6.380050	0.000001
6.390050	0.000001
6.400050	0.000001
6.410050	0.000001
6.420050	0.000001
6.430050	0.000001
6.440050	0.000001
6.450050	0.000001
6.460050	0.000000
6.470050	0.000001
6.480050	0.000000
6.490050	0.000001
6.500050	0.000001
6.510050	0.000000
6.520050	0.000001
6.530050	0.000000
6.540050	0.000000
6.550060	0.000000
6.560060	0.000000
6.570060	0.000000
6.580060	0.000000
6.590060	0.000000
6.600060	0.000000
6.610060	0.000000
6.620060	0.000000
6.630060	0.000000
6.640060	0.000000
6.650060	0.000000
6.660060	0.000000
6.670060	0.000000
6.680060	0.000000
6.690060	0.000000
6.700060	0.000000
6.710060	0.000000
6.720060	0.000000
6.730060	0.000000
6.740060	0.000000
6.750060	0.000000
6.760060	0.000000
6.770060	0.000000
6.780060	0.000000
6.790060	0.000000
6.800060	0.000000
6.810060	0.000000
6.820060	0.000000
6.830060	0.000000
6.840060	0.000000
6.850060	0.000000
6.860060	0.000000
6.870060	0.000000
6.880060	0.000000
6.890060	0.000000
6.900060	0.000000
6.910060	0.000000
6.920060	0.000000
6.930060	0.000000
6.940060	0.000000
6.950060	0.000000
6.960060	0.000000
6.970060	0.000000
6.980060	0.000000
6.990070	0.000000
7.000070	0.000000
7.010070	0.000000
7.020070	0.000000
7.030070	0.000000
7.040070	0.000000
7.050070	0.000000
7.060070	0.000000
7.070070	0.000000
7.080070	0.000000
7.090070	0.000000
7.100070	0.000000
7.110070	0.000000
7.120070	0.000000
7.130070	0.000000
7.140070	0.000000
7.150070	0.000000
7.160070	0.000000
7.170070	0.000000
7.180070	0.000000
7.190070	0.000000
7.200070	0.000000
7.210070	0.000000
7.220070	0.000000
7.230070	0.000000
7.240070	0.000000
7.250070	0.000000
7.260070	0.000000
7.270070	0.000000
7.280070	0.000000
7.290070	0.000000
7.300070	0.000000
7.310070	0.000000
7.320070	0.000000
7.330070	0.000000
7.340070	0.000000
7.350070	0.000000
7.360070	0.000000
7.370070	0.000000
7.380070	0.000000
7.390070	0.000000
7.400070	0.000000
7.410070	0.000000
7.420070	0.000000
7.430080	0.000000
7.440080	0.000000
7.450080	0.000000
7.460080	0.000000
7.470080	0.000000
7.480080	0.000000
7.490080	0.000000
7.500080	0.000000
7.510080	0.000000
7.520080	0.000000
7.530080	0.000000
7.540080	0.000000
7.550080	0.000000
7.560080	0.000000
7.570080	0.000000
7.580080	0.000000
7.590080	0.000000
7.600080	0.000000
7.610080	0.000000
7.620080	0.000000
7.630080	0.000000
7.640080	0.000000
7.650080	0.000000
7.660080	0.000000
7.670080	0.000000
7.680080	0.000000
7.690080	0.000000
7.700080	0.000000
7.710080	0.000000
7.720080	0.000000
7.730080	0.000000
7.740080	0.000000
7.750080	0.000000
7.760080	0.000000
7.770080	0.000000
7.780080	0.000000
7.790080	0.000000
7.800080	0.000000
7.810080	0.000000
7.820080	0.000000
7.830080	0.000000
7.840080	0.000000
7.850080	0.000000
7.860090	0.000000
7.870090	0.000000
7.880090	0.000000
7.890090	0.000000
7.900090	0.000000
7.910090	0.000000
7.920090	0.000000
7.930090	0.000000
7.940090	0.000000
7.950090	0.000000
7.960090	0.000000
7.970090	0.000000
7.980090	0.000000
7.990090	0.000000
8.000090	0.000000
8.010090	0.000000
8.020090	0.000000
8.030090	0.000000
8.040090	0.000000
8.050090	0.000000
8.060090	0.000000
8.070090	0.000000
8.080090	0.000000
8.090090	0.000000
8.100090	0.000000
8.110090	0.000000
8.120090	0.000000
8.130090	0.000000
8.140090	0.000000
8.150090	0.000000
8.160090	0.000000
8.170090	0.000000
8.180090	0.000000
8.190090	0.000000
8.200090	0.000000
8.210090	0.000000
8.220090	0.000000
8.230090	0.000000
8.240090	0.000000
8.250090	0.000000
8.260090	0.000000
8.270090	0.000000
8.280090	0.000000
8.290090	0.000000
8.300090	0.000000
8.310090	0.000000
8.320100	0.000000
8.330100	0.000000
8.340100	0.000000
8.350100	0.000000
8.360100	0.000000
8.370100	0.000000
8.380100	0.000000
8.390100	0.000000
8.400100	0.000000
8.410100	0.000000
8.420100	0.000000
8.430100	0.000000
8.440100	0.000000
8.450100	0.000000
8.460100	0.000000
8.470100	0.000000
8.480100	0.000000
8.490100	0.000000
8.500100	0.000000
8.510100	0.000000
8.520100	0.000000
8.530100	0.000000
8.540100	0.000000
8.550100	0.000000
8.560100	0.000000
8.570100	0.000000
8.580100	0.000000
8.590100	0.000000
8.600100	0.000000
8.610100	0.000000
8.620100	0.000000
8.630100	0.000000
8.640100	0.000000
8.650100	0.000000
8.660100	0.000000
8.670100	0.000000
8.680100	0.000000
8.690100	0.000000
8.700100	0.000000
8.710100	0.000000
8.720100	0.000000
8.730100	0.000000
8.740100	0.000000
8.750100	0.000000
8.760110	0.000000
8.770110	0.000000
8.780110	0.000000
8.790110	0.000000
8.800110	0.000000
8.810110	0.000000
8.820110	0.000000
8.830110	0.000000
8.840110	0.000000
8.850110	0.000000
8.860110	0.000000
8.870110	0.000000
8.880110	0.000000
8.890110	0.000000
8.900110	0.000000
8.910110	0.000000
8.920110	0.000000
8.930110	0.000000
8.940110	0.000000
8.950110	0.000000
8.960110	0.000000
8.970110	0.000000
8.980110	0.000000
8.990110	0.000000
9.000110	0.000000
9.010110	0.000000
9.020110	0.000000
9.030110	0.000000
9.040110	0.000000
9.050110	0.000000
9.060110	0.000000
9.070110	0.000000
9.080110	0.000000
9.090110	0.000000
9.100110	0.000000
9.110110	0.000000
9.120110	0.000000
9.130110	0.000000
9.140110	0.000000
9.150110	0.000000
9.160110	0.000000
9.170110	0.000000
9.180110	0.000000
9.190110	0.000000
9.200120	0.000000
9.210120	0.000000
9.220120	0.000000
9.230120	0.000000
9.240120	0.000000
9.250120	0.000000
9.260120	0.000000
9.270120	0.000000
9.280120	0.000000
9.290120	0.000000
9.300120	0.000000
9.310120	0.000000
9.320120	0.000000
9.330120	0.000000
9.340120	0.000000
9.350120	0.000000
9.360120	0.000000
9.370120	0.000000
9.380120	0.000000
9.390120	0.000000
9.400120	0.000000
9.410120	0.000000
9.420120	0.000000
9.430120	0.000000
9.440120	0.000000
9.450120	0.000000
9.460120	0.000000
9.470120	0.000000
9.480120	0.000000
9.490120	0.000000
9.500120	0.000000
9.510120	0.000000
9.520120	0.000000
9.530120	0.000000
9.540120	0.000000
9.550120	0.000000
9.560120	0.000000
9.570120	0.000000
9.580120	0.000000
9.590120	0.000000
9.600120	0.000000
9.610120	0.000000
9.620120	0.000000
9.630130	0.000000
9.640130	0.000000
9.650130	0.000000
9.660130	0.000000
9.670130	0.000000
9.680130	0.000000
9.690130	0.000000
9.700130	0.000000
9.710130	0.000000
9.720130	0.000000
9.730130	0.000000
9.740130	0.000000
9.750130	0.000000
9.760130	0.000000
9.770130	0.000000
9.780130	0.000000
9.790130	0.000000
9.800130	0.000000
9.810130	0.000000
9.820130	0.000000
9.830130	0.000000
9.840130	0.000000
9.850130	0.000000
9.860130	0.000000
9.870130	0.000000
9.880130	0.000000
9.890130	0.000000
9.900130	0.000000
9.910130	0.000000
9.920130	0.000000
9.930130	0.000000
9.940130	0.000000
9.950130	0.000000
9.960130	0.000000
9.970130	0.000000
9.980130	0.000000
9.990130	0.000000
