-3.878721633285928294e-07 -1.202156780928986632e-10
3.363195340254253751e-07 2.353793617403647036e-10
3.784617627415067252e-07 6.486556508232065752e-15
4.218230069349152345e+00 2.066277716130621427e-03
4.218230069349152345e+00 9.726953102970467210e-03
5.158278024301434783e+00 9.762728263911067683e-02
5.158278024301434783e+00 3.686789906179791491e-05
6.734307555190976124e+00 8.844914041435171861e-03
6.820193429588783829e+00 8.300812391044088898e-04
6.820193429588783829e+00 2.257690396905090522e-03
7.060084298712510531e+00 1.003371852544942232e-02
7.060084298712510531e+00 1.776139018877408897e-03
7.449476445082402698e+00 1.294733395031201495e-03
9.277051343910759584e+00 2.618324781041582450e-02
9.277051343910759584e+00 6.478586627107946194e-02
9.346745147893036787e+00 2.523741646363849775e-02
9.396423504847239982e+00 3.119352715006491403e-02
9.396423504847239982e+00 3.334060602063870782e-02
9.559968405683976655e+00 4.700935431351700722e-02
9.569156258070984578e+00 5.845610523869759420e-03
9.569156258070984578e+00 1.603675685104583026e-02
9.684104646153880225e+00 5.525191553239766629e-02
9.934967891795741579e+00 7.782008094349041364e-04
9.934967892204889850e+00 1.287657472681898001e-02
9.990297528167134899e+00 4.594563844783740997e-02
1.020652873499383517e+01 8.873607745269418423e-02
1.020652873499383517e+01 9.623793075018487186e-02
1.039824084073061883e+01 1.259258419583741441e-02
1.039824084073061883e+01 5.028833935795452847e-02
1.043162210883533092e+01 1.011298997016549933e-01
1.055714615345074137e+01 1.119403988343663572e-03
1.071997171549279138e+01 1.493861215991590941e-01
1.071997171549279138e+01 1.934418654731068499e-01
1.149933850384595324e+01 4.924645924753247306e-02
1.149933850425510329e+01 1.152155765301681317e-01
1.208675418806373258e+01 5.342731889269938111e-02
1.209771869789612708e+01 9.484339887227560828e-02
1.209771869789612708e+01 3.589731715263058502e-03
1.215561151299396592e+01 5.759966686284266439e-03
1.215561151299396592e+01 2.033233175770646911e-03
1.224410893925957211e+01 5.995960741091314883e-02
1.249134964914969537e+01 2.671278573891620878e-04
1.249134964914969537e+01 1.157534791856892065e-01
1.271199457074834172e+01 2.391923022154262418e-02
1.271199457074834172e+01 6.896007421696759287e-02
1.279335343528835267e+01 5.832753596291253423e-02
1.279335343528835267e+01 1.253962759052626719e-01
1.289674875926409037e+01 1.432712535986766789e-01
1.312431423470196634e+01 5.143412542537918047e-02
1.312431423470196634e+01 7.479064535124070601e-03
1.323898090730481769e+01 8.794013888767063681e-04
1.331100370196623928e+01 1.663622149481247259e-01
1.331100370196623928e+01 2.793851645730045796e-02
1.331729520203060524e+01 1.459580402496762734e-03
1.335534453412410905e+01 1.987166018659108566e-02
1.335534453453325732e+01 1.602593580796412773e-02
1.351394604433571445e+01 2.894758354658427679e-02
1.355115830370363739e+01 5.107593381097803864e-02
1.364209029184109312e+01 4.825206066148270828e-02
1.364209029184109312e+01 2.408182214291293421e-02
1.390526178705552418e+01 9.324280590392480805e-01
1.422204285002617574e+01 2.397841824478316296e-03
1.422204285002617574e+01 2.268461045635687956e-01
1.428324424659074410e+01 2.227339834779127614e-01
1.428865512586879838e+01 1.349543999208678395e-02
1.432216097990347414e+01 3.114808380858357650e-01
1.432216097990347414e+01 1.608376070415634962e-01
1.441291079455085011e+01 5.192889223982770364e-02
1.441291079455085011e+01 2.315937763254650172e-01
1.444556537556546338e+01 1.626227674043825566e-01
1.457585908785565465e+01 2.713372658075448585e-01
1.469894692459740781e+01 5.026480030927836518e-03
1.475429327956831393e+01 8.936452482011955634e-02
1.475429327956831393e+01 8.223859687588638834e-02
1.478891804946274213e+01 2.326190828502112604e-02
1.483915138520071686e+01 4.895083113919917496e-03
1.483915138560986335e+01 1.284682524445999313e-02
1.493574887268894713e+01 2.342557072673494712e-03
1.493574887268894713e+01 6.083233033660713496e-02
1.511446343378521995e+01 1.120475944826582106e-03
1.520829019002483662e+01 9.849555543178440883e-03
1.526077582044972303e+01 4.047523727953932643e-02
1.526077582085886952e+01 1.352824642669852445e-02
1.530514864551470566e+01 7.230527786456233084e-03
1.534014417537271591e+01 9.515562319490465312e-03
1.539681059719825740e+01 1.786025397271318593e-01
1.539681059719825740e+01 6.513847048314795607e-02
1.543954483012379164e+01 1.556378817983255104e-03
1.543954483012379164e+01 2.814511633501653315e-02
1.551961137867135143e+01 9.979557790831729280e-02
1.571351511883456809e+01 8.887183429709623675e-03
1.571351511883456809e+01 1.183918345270340705e-01
1.583844031583355516e+01 3.251652385726107319e-02
1.589221320763833667e+01 8.221529268834554260e-02
1.589221320763833667e+01 1.659895873306652461e-03
1.617183993225667749e+01 7.789513082321901372e-02
1.617183993225667749e+01 2.158945930989455975e-02
1.619509945286460351e+01 2.431008089417646123e-01
1.623396100604318093e+01 3.228160476780975729e-01
1.623396100604318093e+01 2.125554055316762267e-02
1.628379410516974701e+01 1.054483825267498809e-03
1.642282891598885541e+01 2.962753513523455617e-02
1.644778167084094989e+01 6.934734508846969459e-02
1.644778167084094989e+01 4.409146063082896444e-02
1.659023434242646999e+01 1.783349738048796984e-01
1.659023434242646999e+01 1.783838551011674989e-01
1.672173265022802013e+01 2.207784396511638103e-01
1.683159458791202567e+01 4.842542482780739371e-02
1.683159458791202567e+01 2.252752307174168273e-02
1.688679986420306633e+01 7.178055205839260766e-02
1.694916583261785448e+01 2.731233730108189039e-01
1.694916583261785448e+01 2.542044936062569094e-01
1.699282625271679237e+01 6.650925768109425262e-02
1.703040715388987181e+01 7.108830467007332121e-02
1.707789809227710265e+01 3.259874689019071764e-02
1.707789809227710265e+01 2.095651667545194493e-03
1.724937817634436854e+01 5.625303059711909276e-02
1.726623434650313627e+01 1.296847799576096028e-01
1.726623434650313627e+01 8.376081133431482291e-04
1.730534697898892560e+01 1.054402365628491767e-01
1.730534697898892560e+01 6.438625853352622844e-05
1.734649445062485640e+01 2.019383814933248603e-02
1.761007025592670416e+01 1.168204141478521724e-01
1.774256298326142200e+01 3.574734477826277401e-01
1.774256298326142200e+01 1.181306875177889903e-01
1.839164316458598947e+01 6.903298831469813213e-02
1.839164316458598947e+01 3.285935055780346281e-01
1.840205402577427307e+01 3.552756922333034369e-05
1.850244499262323572e+01 1.491150943922372463e-01
1.854596207513701955e+01 1.930708583723138583e-01
1.859821605300384206e+01 1.951956746109275234e-02
1.861534281350342468e+01 1.391705827497494441e-01
1.861534281350342468e+01 2.938463253608035453e-02
1.874619404784042942e+01 4.659189278630463948e-01
1.874619404784042942e+01 4.185135492702355964e-01
1.894848618962832987e+01 1.699030069637223316e-03
1.894848618962832987e+01 2.461196346395735923e-01
1.900415736830607472e+01 1.214554910862375159e-01
1.900695541999333571e+01 1.289099784219374378e-01
1.900695541999333571e+01 8.050139798878418185e-02
1.903236866829753993e+01 2.164851984660948747e-01
1.903236866829753993e+01 2.181755388155167119e-01
1.905734145257356005e+01 5.023468575736533435e-04
1.914513813295030431e+01 1.912182032739712101e-01
1.914562113321657577e+01 3.055676456994030950e-03
1.914562113321657577e+01 5.509057951688089982e-02
1.926379546717460656e+01 1.867863593739120809e-01
1.926379546717460656e+01 1.462696968694929050e-03
1.929853546865166791e+01 3.512809509092638255e-02
1.934872706271667298e+01 1.023991988016600095e-02
1.938431741908602035e+01 1.700005854131816652e-01
1.938431741908602035e+01 2.196567600027398912e-02
1.940103154333940694e+01 3.366439856237274930e-01
1.946382988897508426e+01 4.434908216045702761e-02
1.959393353776802726e+01 1.020103871346525123e-02
1.959393353776802726e+01 3.207016169551215046e-01
1.974571248259597311e+01 2.550086801463682940e-01
1.976675956074517160e+01 2.435504421221014182e-01
1.976675956074517160e+01 1.867076792402596885e-01
1.978228998221309709e+01 2.381218982202114032e-01
1.980059263813883774e+01 4.130558099657813571e-03
1.980059263813883774e+01 8.515149536276768460e-02
1.989577043045227001e+01 2.844275148926043162e-01
1.989577043045227001e+01 7.093701913747345600e-01
1.992310879918214184e+01 2.859918816406239669e-02
1.994573739457293016e+01 5.465550019450414465e-02
1.994573739457293016e+01 1.524059859377280002e-01
1.994864559131672976e+01 2.598803537871280031e-02
2.008202109155546111e+01 1.174102457064763599e-02
2.013740195323788029e+01 5.957698217551782305e-02
2.013740195323788029e+01 1.371219547496968028e-03
2.014078311385114972e+01 1.955257511977522844e-01
2.018800454245704401e+01 2.662737911086101583e-01
2.018800454245704401e+01 3.927718956129181219e-03
2.030488113143977813e+01 9.954318226279889117e-03
2.036571501421982333e+01 2.647375217863523218e-04
2.036571501421982333e+01 4.505180213553411916e-01
2.054163148557809038e+01 1.895850096382262900e-02
2.054163148557809038e+01 1.382212513097612061e-01
2.059451093840350921e+01 2.373326101835306762e-02
2.070265963533169185e+01 2.727492168628725122e-01
2.077414237692297050e+01 6.185701839181454787e-05
2.077414237692297050e+01 2.732375277232879651e-01
2.088224540599539480e+01 3.234184664233262767e-03
2.088907396662251870e+01 4.904170786161980711e-02
2.088907396662251870e+01 5.527361767993224095e-01
2.104165503190252551e+01 1.518625293091417638e-01
2.122386949977475012e+01 5.108570186227898331e-03
2.139779016918853571e+01 7.770316747554405733e-03
2.139779016918853571e+01 6.516883880540840224e-01
2.147532611045181383e+01 7.459029440636667611e-03
2.147532611045181383e+01 2.897866049357321339e-02
2.194670243102458684e+01 2.968389660648464434e-01
2.291749035757411690e+01 7.597975268621058424e-03
2.291749035798326872e+01 4.048519551175288667e-04
2.299246538433516562e+01 1.102906987102202224e-01
2.308244115793839057e+01 4.860651985195703628e-01
2.321381858955355071e+01 4.056331626504572352e-02
2.321381858955355071e+01 1.434883899419110188e-02
2.370221610679784519e+01 2.265342827006639193e-01
2.370221610679784519e+01 3.618542594932540064e-03
2.389021232519992211e+01 1.925778443393600216e-03
2.419265865956591810e+01 4.128038884941325759e-01
2.422159572074588851e+01 1.743178285709655329e-02
2.422159572074588851e+01 1.034675278238221703e-02
2.458607570750437077e+01 1.764508086826366839e-01
2.458607570750437077e+01 4.467778542768264249e-01
2.476086055200657299e+01 2.180392988118265343e-03
2.476086055241572481e+01 3.796884973666191793e-02
2.486732628225591313e+01 4.881205229514362642e-02
2.488166183365690998e+01 4.805222322921564107e-03
2.488166183365690998e+01 2.651351852233487481e-03
2.496025694455575916e+01 4.862194658006451647e-02
2.534308073114794979e+01 8.522027790519423954e-03
2.582576263006624018e+01 2.995337860489106774e-01
2.582576263047539200e+01 2.082030811882205901e-01
2.635374433456060927e+01 3.741000314634044589e-04
2.645266580475827922e+01 4.241021286301324134e-01
2.645266580475827922e+01 6.346717830176541453e-01
2.650377378526904693e+01 1.111626127495561750e-01
2.749972751609423227e+01 3.435598072537428965e-02
2.749972751609423227e+01 6.197847053224912577e-03
2.805282513132948097e+01 9.389013549253338864e-02
2.855114075213783664e+01 3.684872438042406939e-01
2.855114075254698136e+01 5.752245190896925209e-01
2.883432578979709149e+01 8.174033117678000671e-02
2.891277475840227140e+01 3.854196575987085538e-01
2.891277475840227140e+01 2.283907875829255263e-04
2.897820349470942602e+01 4.497387887070881107e-01
2.907689256565419456e+01 3.266332757569933843e-06
2.907689256565419456e+01 3.052750541969683762e-01
2.926469400472088012e+01 7.073980393772891576e-03
2.926469400472088012e+01 2.836611242418502973e-02
2.934793753191954835e+01 4.967091538417729990e-01
2.951538877391529425e+01 1.538057758231911674e-04
2.951538877432444608e+01 2.982600750521091984e-02
2.957858131182115713e+01 1.361564249043209773e-01
2.970014119368487471e+01 1.402295480289815766e-01
2.971290078980017313e+01 7.354506051432169178e-02
2.973020209563729566e+01 7.821189959640156841e-02
2.973020209604644393e+01 1.033358197448048382e-01
2.983264249757685604e+01 1.134634404524160756e-01
2.983433645764932862e+01 1.696347248342026104e-01
2.983433645764932862e+01 3.084234731019433722e-03
2.988021301931270557e+01 2.448238889262975581e-04
2.988021301931270557e+01 1.704063755304499085e-03
2.995050721176221487e+01 1.591727515029046081e-01
3.007649354885283444e+01 1.411475204703249997e-01
3.007649354885283444e+01 6.655557898988033634e-03
3.013618774170010184e+01 2.460404076713671243e-02
3.014397402498044087e+01 4.157401345103487467e-01
3.019491213303128063e+01 6.638691335154029982e-01
3.019491213303128063e+01 9.198785084085475683e-02
3.045302672936869826e+01 3.727960443911312177e-02
3.078933306796676206e+01 2.577435785935645596e-01
3.079361630180650167e+01 6.871935757593260197e-02
3.079361630180650167e+01 2.348447434213409291e-01
3.087857969304640804e+01 2.562995324096779277e-06
3.087857969304640804e+01 1.608501210820722227e-01
3.092925280830820611e+01 2.728692526278167843e-02
3.126620524005256030e+01 2.044218891575224628e-01
3.126620524005256030e+01 4.674312213335143906e-02
3.126738606039140933e+01 3.637888271852037225e-01
3.132250652606088792e+01 1.036554475678992286e-04
3.132250652606088792e+01 5.158285292140029482e-03
3.134947745997176227e+01 4.683198809363749160e-03
3.138001949811284419e+01 1.603559364347423646e-02
3.138001949811284419e+01 3.242124199807758927e-02
3.147435560251292230e+01 3.304525247075597305e-02
3.147435560292207413e+01 6.254921097317457657e-02
3.148313363604585291e+01 4.696128534310038682e-02
3.156290827928612330e+01 2.150246595605207617e-02
3.172508270870778802e+01 7.756556135634007018e-04
3.172750441801818511e+01 3.705459729341401554e-01
3.172750441801818511e+01 2.695995031086668992e-02
3.180040687483249329e+01 1.384982051908553204e-02
3.180040687483249329e+01 9.575412486149294917e-05
3.185534861817402330e+01 3.893210828648371088e-03
3.185691784706903107e+01 1.677241133576633236e-02
3.185691784706903107e+01 5.295510527096515541e-02
3.214654624083608780e+01 4.439824179262174403e-02
3.280941360701629606e+01 6.032336098844501282e-02
3.281120674002735882e+01 2.711319003200989286e-01
3.281120674002735882e+01 3.052915298066890548e-01
3.301191658064639256e+01 2.332188660116545076e-01
3.301191658105553728e+01 4.211712636860052705e-01
3.307068386499260981e+01 8.803024871054655753e-02
3.386467604508483475e+01 1.909679629689882419e-02
4.082229798207428928e+01 3.235855828995437989e-03
4.479560723685571588e+01 1.785659668184376523e-03
4.479560723685571588e+01 1.266131572549491309e-03
4.576947333571423115e+01 1.373521393743547085e-02
4.601506572229240533e+01 4.960705090380085336e-02
4.601506572270155004e+01 6.940328639783080455e-02
4.647275473468243234e+01 5.379084323001349921e-02
4.746820386141648385e+01 4.817874523091390804e-02
4.746820386182563567e+01 2.268180175439437826e-02
4.766068872961039204e+01 1.836284722811962504e-03
4.766068873001952255e+01 1.409276070246316031e-03
4.784115805014987899e+01 9.854937494632813374e-06
4.810133229145338163e+01 4.130413683828510624e-02
4.810133229145338163e+01 1.615511079844655223e-02
4.875554642074177991e+01 6.631824305621276949e-02
4.881646506750053760e+01 3.082656661661489425e-02
4.881646506831883414e+01 1.802185759822892697e-01
4.920799869986297637e+01 1.604621481178744244e-02
4.925552962549719638e+01 8.699772753220384736e-02
4.933961215373526699e+01 8.562987200831420273e-03
4.933961215414441170e+01 8.210309472697170652e-02
4.967215469296689889e+01 1.011593094429887457e-01
4.981005423224088702e+01 7.561796046100771607e-02
4.981005423305917645e+01 2.508958793393725739e-01
4.989432690212344568e+01 1.491183455304674610e-02
4.989432690253258329e+01 3.549426964147373649e-04
5.036376720666325468e+01 6.847141262159504556e-04
5.036376720666325468e+01 7.643268697558901204e-02
5.051565557153774932e+01 1.711300796920003746e-03
5.056171136041753300e+01 1.865527979382004711e-04
5.056171136082668482e+01 1.902460406058186296e-02
5.064939371751987096e+01 6.764264106686759771e-04
5.074204951429300792e+01 5.199193711548196623e-02
5.074204951470215263e+01 1.846651766935866398e-02
5.080875467651749489e+01 5.785434074847576463e-02
5.092697940480726260e+01 2.027272054780748095e-02
5.092697940480726260e+01 3.425238755072353321e-03
5.095097667872722980e+01 1.232175866852622953e-02
5.099218104032620147e+01 1.315652453605157179e-03
5.099218104073534619e+01 9.208238337114001137e-02
5.106858267358754233e+01 8.186214372024482044e-02
5.110462291870583584e+01 9.342644819201642928e-03
5.113205058559091043e+01 2.383644427500253936e-05
5.113205058600005515e+01 6.825526072653249898e-03
5.116641407325816004e+01 3.484935720313313279e-02
5.116641407366730476e+01 1.301191052843627197e-02
5.123855155983617493e+01 3.989490619301164914e-02
5.126763427969707010e+01 3.311318241465959367e-04
5.126763427969707010e+01 5.213384143494656855e-03
5.135282612845948336e+01 4.980499258276241403e-02
5.135282612886861386e+01 8.582665220973539552e-04
5.146545622180637025e+01 6.084494997168683750e-03
5.146545622221550786e+01 3.209113196747950814e-02
5.148775329901317122e+01 1.576847071924711340e-03
5.153970087996493987e+01 1.580536720466129419e-01
5.153970088037408459e+01 7.782440064098361532e-02
5.165141757282709278e+01 5.068373200796499889e-02
5.165141757282709278e+01 1.022888711707948921e-02
5.168534584174161495e+01 1.749986360474631080e-03
5.170653363320165852e+01 5.385083657065706936e-02
5.171786635564308909e+01 7.376107900223963319e-04
5.171786635564308909e+01 6.456395959083450868e-03
5.187396229678235926e+01 2.709056227574519610e-03
5.200947497223187810e+01 1.164025174857147710e-01
5.200947497223187810e+01 1.769840303212813840e-02
5.204969326459617207e+01 7.271938472124679989e-03
5.204969326459617207e+01 4.095860517559396161e-03
5.220416983127057620e+01 8.063811500995537204e-05
5.220416983127057620e+01 4.450073797436210343e-02
5.222060096963983256e+01 1.128110775634953017e-02
5.222742471418759180e+01 5.966624386758834393e-03
5.252569422015901779e+01 1.382153005687403700e-02
5.253841158075990592e+01 3.082467097710627282e-02
5.253841158116904353e+01 2.565812233964228153e-02
5.262194631485047580e+01 1.628362359896905198e-02
5.262194631525962052e+01 7.457051180380726112e-03
5.269514679414161407e+01 7.452974767308262732e-04
5.269514679414161407e+01 1.441967824425706901e-03
5.285357612920918058e+01 1.634740705491901638e-03
5.300999983828320694e+01 8.407873345637581659e-04
5.300999983869236587e+01 1.928686635451859303e-03
5.325356351883753092e+01 9.159380404398762693e-03
5.325746680488953899e+01 3.486735643950687833e-03
5.336423368105040055e+01 1.504611695323031348e-04
5.336423368105040055e+01 6.576906976256131909e-02
5.336830298907188563e+01 5.427373537573006168e-02
5.348295907947470340e+01 1.304472195332312574e-02
5.349855788345966090e+01 2.597042074731805306e-03
5.349855788386881272e+01 1.868691057873477944e-03
5.370477156093033955e+01 1.994453639547565105e-02
5.382711029787182611e+01 1.043476026837508591e-01
5.386996836716845394e+01 5.159638105319308207e-03
5.386996836757760576e+01 1.389471693001467605e-02
5.391143680506528568e+01 8.889615831393990128e-03
5.391143680506528568e+01 2.908470123427586533e-04
5.409970128207456241e+01 1.257805459838130524e-01
5.409970128248371424e+01 2.957864628740957541e-02
5.422626443376064742e+01 1.018780690384786386e-01
5.429999796478389129e+01 7.339328711622827850e-02
5.440238425569263825e+01 9.095266521561139184e-02
5.440238425610178297e+01 2.365071441157805612e-02
5.449411327039139508e+01 2.479077625195448831e-01
5.461052856071906092e+01 4.287935188351103041e-04
5.461052856071906092e+01 1.275995598052489556e-02
5.467246125056024653e+01 7.036451323333523140e-04
5.467246125056024653e+01 7.762777831079503612e-04
5.475544017897922799e+01 4.034217152169152810e-03
5.485202049125896195e+01 4.210489488607513484e-04
5.485202049125896195e+01 6.705983320539923853e-02
5.495780054658054326e+01 2.440471999712674940e-04
5.500914505751006800e+01 1.052733266703438225e-01
5.500914505751006800e+01 8.262780060663969459e-03
5.508562924453343612e+01 4.721844778487379463e-02
5.514202731282947667e+01 4.406799791935494919e-03
5.514202731323862849e+01 9.886729082393852508e-03
5.516043469996737514e+01 5.729170622195527965e-04
5.535687686827605347e+01 3.546824411545907579e-02
5.535687686868520530e+01 1.905443031866295434e-02
5.544239210218146496e+01 4.005446677704277425e-02
5.547878398696592228e+01 1.909486484808575399e-02
5.551875123643716847e+01 4.385058044685258977e-02
5.551875123643716847e+01 1.186040504023893119e-03
5.587291227952712092e+01 1.761510130313043154e-02
5.590410399372221661e+01 6.011880048240150071e-02
5.590410399413136133e+01 7.727576149922912516e-03
5.602428548470505376e+01 2.392790465596347175e-03
5.602428548470505376e+01 1.693829043140647472e-02
5.611189939628160062e+01 9.405578741118511554e-03
5.615380646072359383e+01 2.880411202720002325e-02
5.615380646072359383e+01 7.572370172579463883e-03
5.615969084476458306e+01 1.877721542214773678e-02
5.615969084476458306e+01 1.285339274147493261e-03
5.635380461524935214e+01 5.606863550613511507e-03
5.638436873632741708e+01 3.051295478778371425e-03
5.638436873632741708e+01 4.396380547635693470e-02
5.639765921610036514e+01 2.478565536623767579e-02
5.650902064056404583e+01 6.140896467821757576e-02
5.650902064056404583e+01 3.900700772037170999e-02
5.662110883885716106e+01 5.107835058182166356e-03
5.662110883885716106e+01 3.475969831953057421e-02
5.662550887295240187e+01 6.332094952224401330e-02
5.680432757895196971e+01 3.177527989942349751e-02
5.680432757895196971e+01 3.248316853400545767e-02
5.692577334866157912e+01 3.689900665589344875e-02
5.701774295989042685e+01 4.668562844262789252e-02
5.701774296029957867e+01 2.374598418877282152e-03
5.706059721306505850e+01 5.183484951202169816e-02
5.717415520709655397e+01 5.074727634821947497e-02
5.719054230029044561e+01 8.415543860072275924e-04
5.740633039140173821e+01 3.203713046114441826e-02
5.740633039140173821e+01 2.710754853723267542e-03
5.751229118164955878e+01 7.892530476451459264e-04
5.751229118205871060e+01 2.542830868912463946e-02
5.752472533378987407e+01 6.035827244286006907e-03
5.763790369016771109e+01 6.939752855118361740e-04
5.775901784881674672e+01 2.123418080811460482e-02
5.775901784881674672e+01 3.255831211113607154e-02
5.825689648335367110e+01 5.783260978514214237e-03
5.833063029259746202e+01 1.814874688716948750e-02
5.833063029300661384e+01 4.320844743159931584e-02
5.836684331471626308e+01 6.384575908567600468e-03
5.855546369634893011e+01 3.380385182968401875e-02
5.855546369634893011e+01 8.583507150495970489e-03
5.869710132454748930e+01 1.707698380696337850e-02
5.885673852012627805e+01 8.442959806281638557e-03
5.885673852012627805e+01 3.799700901393274623e-04
5.902994876362218690e+01 4.401460091411548564e-02
5.906575274631355654e+01 8.301050924513379348e-05
5.906575274631355654e+01 2.750839936981345417e-04
5.914257070469813016e+01 4.631839032881926574e-04
5.921044956686142768e+01 6.583546022357219391e-03
5.921044956686142768e+01 1.245695141467874530e-03
5.935242442249308681e+01 1.783675900866707378e-03
5.935242442290222442e+01 2.340209156249424202e-02
5.936720365873413385e+01 8.142139946748536833e-03
5.940820474749745728e+01 4.355841150998087524e-02
5.947939224758987109e+01 4.107297036331047924e-02
5.960351030675669648e+01 1.362337534682303390e-02
5.960351030716584120e+01 2.274730637926959675e-01
5.982041883166627372e+01 6.923629959237291576e-02
5.982601986118091730e+01 2.647352863277182614e-05
5.982601986118091730e+01 2.541276857859956981e-03
5.990988680818853140e+01 1.300162515241309793e-03
5.990988680818853140e+01 5.832374911135610601e-02
6.001887144000212260e+01 2.807696385538725053e-02
6.004991180917945570e+01 1.838512185530380080e-02
6.004991180958860042e+01 5.513186987205534462e-02
6.016425605281784783e+01 4.025876619348084655e-05
6.088854543544888998e+01 1.976111916816127856e-01
6.088854543585802759e+01 4.219200962512599453e-04
6.117551937655929351e+01 1.508422363327555950e-02
6.117551937655929351e+01 1.305417531303421845e-04
6.159554478385697251e+01 2.455266033156796538e-03
6.225824234999643636e+01 9.735176184470130042e-03
6.228062467888619125e+01 2.988193861254868303e-03
6.228062467888619125e+01 4.923962883186422694e-04
6.229096593256877412e+01 5.477396603406335662e-02
6.262038822640869284e+01 3.783637937841270206e-03
6.300179142874780069e+01 2.953647059106502895e-03
6.300179142915695962e+01 2.857220220902066329e-03
6.316631487949998558e+01 1.278813046639027187e-02
6.316631487949998558e+01 5.312644379567373239e-04
6.331023212323326277e+01 4.256083695953661802e-03
6.331023212323326277e+01 1.287701922193371562e-05
6.337824945330395110e+01 7.685742178101101282e-06
6.406974247455194416e+01 1.352638891521889750e-02
6.406974247455194416e+01 1.356187818720211002e-03
6.427570259082453674e+01 6.107109829151715491e-03
6.430782298758579429e+01 3.483106261341949086e-03
6.435010361097182852e+01 3.248600169932509829e-02
6.435010361097182852e+01 6.002011926667655262e-02
6.447059261420676535e+01 3.808483987016910138e-03
6.456194811537689304e+01 3.122749189534014883e-02
6.456194811578605197e+01 4.481298947449695834e-03
6.477009441131677647e+01 7.888883498117795726e-05
6.477009441131677647e+01 2.987318994783258463e-03
6.483412432921825541e+01 1.848271067996835187e-02
6.490960203012001273e+01 7.842828356279145981e-04
6.490960203012001273e+01 5.543344693200281253e-02
6.501266809440789984e+01 1.976091686493970656e-02
6.517899366101224246e+01 5.241839178999099487e-04
6.524123456929470422e+01 2.323207632624327001e-01
6.524123456970383472e+01 1.015526559190776598e-02
6.537744269585074619e+01 6.031722216665477872e-03
6.541603952423210444e+01 4.026012400736170629e-03
6.543493272248203141e+01 2.011111911885898884e-02
6.543493272289117613e+01 2.958246298310692954e-02
6.553971024609599283e+01 5.447300313740990191e-02
6.553971024609599283e+01 3.371037972664217737e-03
6.559416036474367218e+01 1.073302382241912321e-04
6.567026403444550908e+01 1.270473135074655716e-02
6.567026403444550908e+01 3.344400332714545128e-03
6.570436930849444934e+01 2.241933318050914545e-02
6.570436930890360827e+01 2.201708946716528985e-04
6.571816779114973883e+01 1.069635958931011432e-01
6.575573671329202341e+01 1.832729648340189258e-07
6.575573671370116813e+01 7.437385426258895718e-03
6.576881566403483248e+01 3.280734613326571382e-03
6.577815402718711368e+01 4.889579083147982397e-02
6.577815402759624419e+01 5.109515974648866365e-02
6.580256325080317481e+01 2.111430213898256303e-02
6.588314156721160941e+01 4.512290674819661486e-03
6.605519678059434341e+01 1.927820479536572137e-02
6.605519678059434341e+01 2.188446652752404700e-02
6.605603658765501507e+01 1.738878340658075658e-02
6.610653903425517797e+01 6.306081134639494705e-03
6.610653903466430847e+01 1.547950777168093928e-01
6.617032328996700130e+01 5.041539839264875394e-02
6.617032328996700130e+01 8.172782267674112699e-02
6.621053595695748584e+01 2.124289678330957502e-04
6.622782654393918733e+01 3.825978510434171337e-02
6.631477230439044490e+01 1.285971806702829005e-03
6.634323424303688910e+01 6.567361118722374888e-05
6.634323424303688910e+01 8.008481707602795605e-04
6.650374271937484139e+01 1.191829042017392322e-02
6.664362010350322407e+01 6.620070629188138148e-05
6.675306431964237674e+01 3.748793780027663558e-02
6.675306432005153567e+01 4.189322744953424241e-04
6.676695606018577678e+01 4.680636116637643292e-03
6.694478783814935241e+01 2.179473610806178987e-03
6.700442227167970088e+01 7.360242316128888518e-02
6.709286824596637189e+01 3.336761412332858029e-02
6.709286824596637189e+01 7.149787524884421153e-02
6.732821640500178262e+01 1.312612463896662947e-03
6.739032920909190238e+01 6.258622164325087887e-06
6.739032920950106131e+01 9.312575277829712381e-03
6.767821601306680179e+01 8.217601171856252912e-03
6.767821601347594651e+01 1.633866841671270664e-01
6.776713138509028056e+01 2.948847742667179916e-04
6.789990429319145449e+01 1.238357202501230616e-04
6.793570721618988273e+01 1.253681490971823020e-01
6.793570721659902745e+01 2.202295260984619280e-02
6.823948331298713299e+01 2.480229521827589934e-01
6.828388334024702999e+01 1.307848473818009314e-04
6.828388334065618892e+01 1.431181225266511640e-02
6.862016764827905035e+01 4.531871168547235013e-02
6.879719763269967814e+01 4.262464404271092827e-02
6.879719763310880865e+01 2.096801298079708706e-02
6.928897873762231541e+01 2.126497376988656721e-02
6.946514929266044192e+01 2.299045076514363904e-04
6.946514929306961506e+01 2.317800425309831259e-03
6.975380503928809617e+01 3.846458388652165827e-02
7.198694633692208811e+01 3.156796699636040416e-03
7.198694633733124704e+01 3.320279574249863572e-03
7.397554601944466413e+01 4.317727980582333758e-02
