NONZERO SOC MATRIX ELEMENTS (cm**-1)
------------------------------------

           Bra                       Ket       
<Block Root  S    Ms  | HSOC |  Block Root  S    Ms>    =  Real-part     Imaginary part
--------------------------------------------------------------------------------------
   0    1  1.0  1.0              0     0  1.0  1.0            0.000              0.000
   0    2  1.0  1.0              0     0  1.0  1.0            0.000              0.000
   0    2  1.0  1.0              0     1  1.0  1.0            0.000           -162.550
   0    3  1.0  1.0              0     0  1.0  1.0            0.000             -0.003
   0    3  1.0  1.0              0     1  1.0  1.0            0.000            -66.056
   0    3  1.0  1.0              0     2  1.0  1.0            0.000            143.700
   0    4  1.0  1.0              0     0  1.0  1.0            0.000             -0.001
   0    4  1.0  1.0              0     1  1.0  1.0            0.000           -143.699
   0    4  1.0  1.0              0     2  1.0  1.0            0.000            -66.056
   0    4  1.0  1.0              0     3  1.0  1.0            0.000            179.108
   0    5  1.0  1.0              0     1  1.0  1.0            0.000              0.001
   0    5  1.0  1.0              0     2  1.0  1.0            0.000              0.000
   0    5  1.0  1.0              0     3  1.0  1.0            0.000             -0.001
   0    5  1.0  1.0              0     4  1.0  1.0            0.000             -0.000
   0    0  1.0  0.0              0     1  1.0  1.0           71.664            -34.929
   0    0  1.0  0.0              0     2  1.0  1.0           34.928             71.664
   0    0  1.0  0.0              0     3  1.0  1.0          355.254             -8.044
   0    0  1.0  0.0              0     4  1.0  1.0            8.044            355.251
   0    0  1.0  0.0              0     5  1.0  1.0           -0.000             -0.002
   0    1  1.0  0.0              0     0  1.0  1.0          -71.664             34.929
   0    1  1.0  0.0              0     2  1.0  1.0           -0.000             -0.000
   0    1  1.0  0.0              0     3  1.0  1.0            9.687            -18.783
   0    1  1.0  0.0              0     4  1.0  1.0          -18.783             -9.687
   0    1  1.0  0.0              0     5  1.0  1.0           38.560            -18.794
   0    2  1.0  0.0              0     0  1.0  1.0          -34.928            -71.664
   0    2  1.0  0.0              0     1  1.0  1.0            0.000              0.000
   0    2  1.0  0.0              0     3  1.0  1.0          -18.783             -9.687
   0    2  1.0  0.0              0     4  1.0  1.0           -9.687             18.783
   0    2  1.0  0.0              0     5  1.0  1.0           18.794             38.561
   0    3  1.0  0.0              0     0  1.0  1.0         -355.254              8.044
   0    3  1.0  0.0              0     1  1.0  1.0           -9.687             18.783
   0    3  1.0  0.0              0     2  1.0  1.0           18.783              9.687
   0    3  1.0  0.0              0     4  1.0  1.0            0.001              0.000
   0    3  1.0  0.0              0     5  1.0  1.0           32.193             -0.729
   0    4  1.0  0.0              0     0  1.0  1.0           -8.044           -355.251
   0    4  1.0  0.0              0     1  1.0  1.0           18.783              9.687
   0    4  1.0  0.0              0     2  1.0  1.0            9.687            -18.783
   0    4  1.0  0.0              0     3  1.0  1.0           -0.001             -0.000
   0    4  1.0  0.0              0     5  1.0  1.0            0.729             32.195
   0    5  1.0  0.0              0     0  1.0  1.0            0.000              0.002
   0    5  1.0  0.0              0     1  1.0  1.0          -38.560             18.794
   0    5  1.0  0.0              0     2  1.0  1.0          -18.794            -38.561
   0    5  1.0  0.0              0     3  1.0  1.0          -32.193              0.729
   0    5  1.0  0.0              0     4  1.0  1.0           -0.729            -32.195
   0    0  1.0 -1.0              0     1  1.0  0.0           71.664            -34.929
   0    0  1.0 -1.0              0     2  1.0  0.0           34.928             71.664
   0    0  1.0 -1.0              0     3  1.0  0.0          355.254             -8.044
   0    0  1.0 -1.0              0     4  1.0  0.0            8.044            355.251
   0    0  1.0 -1.0              0     5  1.0  0.0           -0.000             -0.002
   0    1  1.0 -1.0              0     0  1.0  0.0          -71.664             34.929
   0    1  1.0 -1.0              0     2  1.0  0.0           -0.000             -0.000
   0    1  1.0 -1.0              0     3  1.0  0.0            9.687            -18.783
   0    1  1.0 -1.0              0     4  1.0  0.0          -18.783             -9.687
   0    1  1.0 -1.0              0     5  1.0  0.0           38.560            -18.794
   0    1  1.0 -1.0              0     0  1.0 -1.0           -0.000             -0.000
   0    2  1.0 -1.0              0     0  1.0  0.0          -34.928            -71.664
   0    2  1.0 -1.0              0     1  1.0  0.0            0.000              0.000
   0    2  1.0 -1.0              0     3  1.0  0.0          -18.783             -9.687
   0    2  1.0 -1.0              0     4  1.0  0.0           -9.687             18.783
   0    2  1.0 -1.0              0     5  1.0  0.0           18.794             38.561
   0    2  1.0 -1.0              0     0  1.0 -1.0           -0.000             -0.000
   0    2  1.0 -1.0              0     1  1.0 -1.0           -0.000            162.550
   0    3  1.0 -1.0              0     0  1.0  0.0         -355.254              8.044
   0    3  1.0 -1.0              0     1  1.0  0.0           -9.687             18.783
   0    3  1.0 -1.0              0     2  1.0  0.0           18.783              9.687
   0    3  1.0 -1.0              0     4  1.0  0.0            0.001              0.000
   0    3  1.0 -1.0              0     5  1.0  0.0           32.193             -0.729
   0    3  1.0 -1.0              0     0  1.0 -1.0           -0.000              0.003
   0    3  1.0 -1.0              0     1  1.0 -1.0           -0.000             66.056
   0    3  1.0 -1.0              0     2  1.0 -1.0           -0.000           -143.700
   0    4  1.0 -1.0              0     0  1.0  0.0           -8.044           -355.251
   0    4  1.0 -1.0              0     1  1.0  0.0           18.783              9.687
   0    4  1.0 -1.0              0     2  1.0  0.0            9.687            -18.783
   0    4  1.0 -1.0              0     3  1.0  0.0           -0.001             -0.000
   0    4  1.0 -1.0              0     5  1.0  0.0            0.729             32.195
   0    4  1.0 -1.0              0     0  1.0 -1.0           -0.000              0.001
   0    4  1.0 -1.0              0     1  1.0 -1.0           -0.000            143.699
   0    4  1.0 -1.0              0     2  1.0 -1.0           -0.000             66.056
   0    4  1.0 -1.0              0     3  1.0 -1.0           -0.000           -179.108
   0    5  1.0 -1.0              0     0  1.0  0.0            0.000              0.002
   0    5  1.0 -1.0              0     1  1.0  0.0          -38.560             18.794
   0    5  1.0 -1.0              0     2  1.0  0.0          -18.794            -38.561
   0    5  1.0 -1.0              0     3  1.0  0.0          -32.193              0.729
   0    5  1.0 -1.0              0     4  1.0  0.0           -0.729            -32.195
   0    5  1.0 -1.0              0     1  1.0 -1.0           -0.000             -0.001
   0    5  1.0 -1.0              0     2  1.0 -1.0           -0.000             -0.000
   0    5  1.0 -1.0              0     3  1.0 -1.0           -0.000              0.001
   0    5  1.0 -1.0              0     4  1.0 -1.0           -0.000              0.000
   1    0  0.0  0.0              0     0  1.0  1.0          -13.890              5.254
   1    0  0.0  0.0              0     1  1.0  1.0          -70.433             66.367
   1    0  0.0  0.0              0     2  1.0  1.0           66.366             70.432
   1    0  0.0  0.0              0     3  1.0  1.0         -131.590            325.441
   1    0  0.0  0.0              0     4  1.0  1.0          325.445            131.588
   1    0  0.0  0.0              0     5  1.0  1.0          -10.942              4.137
   1    0  0.0  0.0              0     0  1.0  0.0           -0.000              0.000
   1    0  0.0  0.0              0     1  1.0  0.0           -0.000             -1.395
   1    0  0.0  0.0              0     2  1.0  0.0           -0.000             15.132
   1    0  0.0  0.0              0     3  1.0  0.0           -0.000              1.535
   1    0  0.0  0.0              0     4  1.0  0.0           -0.000              4.350
   1    0  0.0  0.0              0     0  1.0 -1.0          -13.890             -5.254
   1    0  0.0  0.0              0     1  1.0 -1.0          -70.433            -66.367
   1    0  0.0  0.0              0     2  1.0 -1.0           66.366            -70.432
   1    0  0.0  0.0              0     3  1.0 -1.0         -131.590           -325.441
   1    0  0.0  0.0              0     4  1.0 -1.0          325.445           -131.588
   1    0  0.0  0.0              0     5  1.0 -1.0          -10.942             -4.137
   1    1  0.0  0.0              0     0  1.0  1.0            5.254             13.890
   1    1  0.0  0.0              0     1  1.0  1.0          -66.367            -70.434
   1    1  0.0  0.0              0     2  1.0  1.0          -70.431             66.366
   1    1  0.0  0.0              0     3  1.0  1.0         -325.445           -131.587
   1    1  0.0  0.0              0     4  1.0  1.0         -131.591            325.442
   1    1  0.0  0.0              0     5  1.0  1.0            4.138             10.938
   1    1  0.0  0.0              0     0  1.0  0.0           -0.000             -0.001
   1    1  0.0  0.0              0     1  1.0  0.0           -0.000             15.131
   1    1  0.0  0.0              0     2  1.0  0.0           -0.000              1.395
   1    1  0.0  0.0              0     3  1.0  0.0           -0.000              4.355
   1    1  0.0  0.0              0     4  1.0  0.0           -0.000             -1.534
   1    1  0.0  0.0              0     5  1.0  0.0           -0.000              0.000
   1    1  0.0  0.0              0     0  1.0 -1.0            5.254            -13.890
   1    1  0.0  0.0              0     1  1.0 -1.0          -66.367             70.434
   1    1  0.0  0.0              0     2  1.0 -1.0          -70.431            -66.366
   1    1  0.0  0.0              0     3  1.0 -1.0         -325.445            131.587
   1    1  0.0  0.0              0     4  1.0 -1.0         -131.591           -325.442
   1    1  0.0  0.0              0     5  1.0 -1.0            4.138            -10.938
   1    2  0.0  0.0              0     0  1.0  1.0            0.000              0.001
   1    2  0.0  0.0              0     1  1.0  1.0          124.709            255.867
   1    2  0.0  0.0              0     2  1.0  1.0         -255.870            124.710
   1    2  0.0  0.0              0     3  1.0  1.0           -2.899           -127.976
   1    2  0.0  0.0              0     4  1.0  1.0          127.978             -2.897
   1    2  0.0  0.0              0     5  1.0  1.0           -0.000              0.000
   1    2  0.0  0.0              0     0  1.0  0.0           -0.000            465.806
   1    2  0.0  0.0              0     1  1.0  0.0           -0.000             -0.001
   1    2  0.0  0.0              0     2  1.0  0.0           -0.000              0.001
   1    2  0.0  0.0              0     3  1.0  0.0           -0.000              0.000
   1    2  0.0  0.0              0     4  1.0  0.0           -0.000             -0.002
   1    2  0.0  0.0              0     5  1.0  0.0           -0.000            -52.612
   1    2  0.0  0.0              0     0  1.0 -1.0            0.000             -0.001
   1    2  0.0  0.0              0     1  1.0 -1.0          124.709           -255.867
   1    2  0.0  0.0              0     2  1.0 -1.0         -255.870           -124.710
   1    2  0.0  0.0              0     3  1.0 -1.0           -2.899            127.976
   1    2  0.0  0.0              0     4  1.0 -1.0          127.978              2.897
   1    2  0.0  0.0              0     5  1.0 -1.0           -0.000             -0.000

Note: In the following the full <I|HBO+SOC|J> are printed in the CI Basis.     
